URGENT,AIRCRAFT,REPORT,TURBULENCE,PRODUCT_ID,FL,LAT,LON,datetime,turbulence_intensity,in_sigmet,Plane Weight
F,E175,MGJ UA /OV HUO/TM 1223/FL180/TP E175/TB LGT-MOD,LGT-MOD,,18000.0,41.41,-74.59,2018-02-26 12:23:00+00:00,2.0,0,U
T,C172,TRK UUA /OV SWR180005/TM 2005/FL105/TP C172/TB SEV/RM ZOA CWSU,SEV,,10500.0,39.09665991665992,-120.27,2018-02-14 20:05:00+00:00,5.0,0,L
T,B752,DEN UUA /OV FQF263033/TM 0950/FL390/TP B752/TB SEV MTN WAVE/RM +/-20KTS +/-400FT RIDE SMOOTH...ZDV,SEV MTN WAVE,,39000.0,39.62296643184249,-105.32946949499063,2018-02-17 09:50:00+00:00,5.0,0,M
F,E75,TUL UA /OV TUL030030/TM 0115/FL100/TP E75/TB MOD 100-140/RM ZKCFD,MOD 100-140,,10000.0,36.63143777595615,-95.57828669820998,2018-02-21 01:15:00+00:00,3.0,0,U
F,C182,STF UA /OV STF /TM 0222 /FL003 /TP C182 /SK SCT008/OVC035 /WX FV10SM /TB NEG,NEG,,300.0,33.4331111,-88.8486111,2018-02-11 02:22:00+00:00,0.0,0,L
F,H,MKK UA /OV MKK020030/TM 0240/FL210/TP H/B764/TB MOD TURB 210,MOD TURB 210,,21000.0,21.619884367982152,-156.90662366762638,2018-02-15 02:40:00+00:00,3.0,0,L
F,A319,ALS UA /OV ALS110040/TM 1850/FL350/TP A319/TB LGT/RM ZDV,LGT,,35000.0,37.210858102010015,-105.0723336100312,2018-02-10 18:50:00+00:00,1.0,0,M
T,C172,SJC UUA /OV SJC360005/TM 1812/FL047/TP C172/TB SEV,SEV,,4700.0,37.44274008334008,-121.92442,2018-02-15 18:12:00+00:00,5.0,0,L
F,A320,WRB UA /OV MCN270020/TM 1825/FL340/TP A320/TB LGT CHOP 340/RM ZTLFD,LGT CHOP 340,,34000.0,32.69285,-84.04532332174875,2018-02-24 18:25:00+00:00,1.0,0,M
F,B738,ALS UA /OV ALS180022 /TM 2205 /FL240 /TP B738 /TB CONT LGT OCNL MOD/RM AWC-WEB:,CONT LGT OCNL MOD,,24000.0,37.072193633303634,-105.86139,2018-02-16 22:05:00+00:00,2.0,0,M
F,PC12,KBNA UA /OV BNA100010/TM 1945/FL038/TP PC12/SK BKN038-TOP078/TB LGT CHOP BLO078,LGT CHOP BLO078,,3800.0,36.08994629280277,-86.48596522491403,2018-02-19 19:45:00+00:00,1.0,0,L
T,SR22,CPR UUA /OV DDY200030/TM 0408/FL140/TP SR22/TB SEV/RM /ZLC,SEV,,14000.0,42.62011563201785,-106.514189033927,2018-02-14 04:08:00+00:00,5.0,0,L
F,B767,SNP UA /OV SNP001001/TM 1745/FL330/TP B767/TB LGT CHOP,LGT CHOP,,33000.0,57.17666547804834,-170.2194635815328,2018-02-12 17:45:00+00:00,1.0,0,H
F,A321,STL UA /OV STL/TM 1757/FL340/TP A321/TB NEG/RM ZKC,NEG,,34000.0,38.75245,-90.3734,2018-02-12 17:57:00+00:00,0.0,0,M
T,E55P,PUB UUA /OV PUB302016/TM 1930/FL450/TP E55P/TB SEV MTN WAVE/RM NO TURB / -2000FPM A/C LOST 1600FT ZDV,SEV MTN WAVE,,45000.0,38.43132325006307,-104.7864799992224,2018-02-18 19:30:00+00:00,5.0,0,U
T,B777,STS UUA /OV 33N165W/TM 1219/FL280/TP B777/TB SEV/RM FL280-330. 2 REPORTS FROM DIFFERENT AIRCRAFT...ZOA FD,SEV,,28000.0,33.0,-165.0,2018-02-14 12:19:00+00:00,5.0,0,H
F,C414,DMN UA /OV DMN270020/TM 1817/FL140/TP C414/TB MOD/RM ZAB/FDCS,MOD,,14000.0,32.26231,-108.1148632111146,2018-02-15 18:17:00+00:00,3.0,0,L
T,BE9L,HNL UUA /OV HNL117025 /TM 1325 /FL055 /TP BE9L /TB SEV,SEV,,5500.0,21.1208219695805,-157.52146875791536,2018-02-16 13:25:00+00:00,5.0,0,L
F,P46T,UUA /OV 5639N11513W /TM 0222 /FL240 /TP P46T /TB MDT-SEV 220-240 /RM CORR COORD PX 75NE CYPE,MDT-SEV 220-240,,24000.0,56.65,-115.2166,2018-02-14 02:22:00+00:00,5.0,0,L
F,BE20,HYX UA /OV FNT360020 /TM 1901 /FL200 /TP BE20 /TA M10 /TB MOD 030-050 /IC MOD RIME /RM LLWS DURC,MOD 030-050,,20000.0,43.30003033336033,-83.74944,2018-02-19 19:01:00+00:00,3.0,0,M
T,E190,BDR UUA /OV BDR/TM 1357/FL160/TP E190/TB SEV/RM DURD 160-150 MOD CHOP 140,SEV,,16000.0,41.15833,-73.12889,2018-02-02 13:57:00+00:00,5.0,0,U
F,A321,IND UA /OV VHP/TM 1746/FL350/TP A321/TB LGT-MOD CHOP 350,LGT-MOD CHOP 350,,35000.0,39.81,-86.37,2018-02-24 17:46:00+00:00,2.0,0,M
T,B738,LVM UUA /OV 15 S LVM/TM 0456/FL130/TP B738/TB SEV TB,SEV TB,,13000.0,45.44997974997976,-110.45,2018-02-04 04:56:00+00:00,5.0,0,M
F,B38M,PSK UA /OV PSK243063 /TM 1941 /FL380 /TP B38M /WV 282119KT /TB CONT LGT CHOP /RM SOME LGT TURB AWC-WEB,CONT LGT CHOP,,38000.0,36.660621363342855,-81.85214248566189,2018-02-02 19:41:00+00:00,1.0,0,U
T,H25B,RFD UUA /OV RFD /TM 1950 /FL140 /TP H25B /TB CONS SEV,CONS SEV,,14000.0,42.1927,-89.093,2018-02-19 19:50:00+00:00,5.0,0,M
F,B737,JNU UA /OV JNU /TM 1750 /FL009 /TP B737 /SK SCT009/OVC-TOP090 /TB OCNL LGT /RM DURD RY 08/ AP IN SIGHT AT COGLIN,OCNL LGT,,900.0,58.35,-134.57,2018-02-12 17:50:00+00:00,1.0,0,M
T,P28A,DGW UUA /OV IIP170030/TM 2200/FL095/TP P28A/TB SEV/RM ZDV,SEV,,9500.0,42.187556238740015,-105.1118867288817,2018-02-13 22:00:00+00:00,5.0,0,L
F,B737,MYNN UA /OV ZQA270040/TM 1600/FL370/TP B737/TB MOD,MOD,,37000.0,25.0,-78.18564486177554,2018-02-06 16:00:00+00:00,3.0,0,M
F,A319,MBS UA /OV BAX-MOP/TM 1529/FL360/TP A319/TB CONT LIGHT OCNL MOD TURB,CONT LIGHT OCNL MOD TURB,,36000.0,43.700945,-83.86132,2018-02-24 15:29:00+00:00,3.0,0,M
T,C172,RYN UUA /OV TUS300010 /TM 2058 /FL060 /TP C172 /TB SEV,SEV,,6000.0,32.20361008334008,-111.10841746102776,2018-02-10 20:58:00+00:00,5.0,0,L
T,H25B,RFD UUA /OV RFD/TM 1950/FL140/TP H25B/TB CONT SEV 100-140,CONT SEV 100-140,,14000.0,42.1927,-89.093,2018-02-19 19:50:00+00:00,5.0,0,M
F,B190,YAK UA /OV YAK110025/TM 1340/FL130/TP B190/SK OVC010-TOP UNKN/WX SN/TA 130/M06/TB NEG/IC MX SFC-130/RM DURC SN ACCUMILATION RAPIDLY AT SFC  ZAN,NEG,,13000.0,59.357480063756256,-138.88849121322065,2018-02-26 13:40:00+00:00,0.0,0,M
T,C172,KFTG UUA /OV KFTG080004/TM 1634/FL080/TP C172/TB SEV/RM ZDV,SEV,,8000.0,39.79682748287889,-104.45769506544308,2018-02-17 16:34:00+00:00,5.0,0,L
F,B737,LAS UA /OV LAS318009 /TM 0614 /FL090 /TP B737 /TB OCNL MOD /RM CONT LGT OCNL MOD SFC-090 AWC-WEB:,OCNL MOD,,9000.0,36.19154075304027,-115.27644989609205,2018-02-19 06:14:00+00:00,3.0,0,M
F,PC12,DEN UA /OV LARKS/TM 1955/FL145/TP PC12/TB SEV,SEV,,14500.0,41.31206,-105.675,2018-02-16 19:55:00+00:00,5.0,0,L
F,P46T,UUA /OV 5936N11513W /TM 0222 /FL240 /TP P46T /TB MDT-SEV 220-240 /RM 75NE CYPE,MDT-SEV 220-240,,24000.0,59.6,-115.2166,2018-02-14 02:22:00+00:00,5.0,0,L
F,DH8C,CLT UA /OV DCM180007/TM 1825/FL080/TP DH8C/SK OVC/TB MOD,MOD,,8000.0,34.672657183323885,-81.1957778,2018-02-17 18:25:00+00:00,3.0,0,M
F,B752,PVC UA /OV LFV070145/TM 2032/FL360/TP B752/TB MOD,MOD,,36000.0,42.84661563021371,-66.98296202649003,2018-02-25 20:32:00+00:00,3.0,0,M
F,B789,UUA /OV 4256N06131W /TM 1900 /FL350 /TP B789 /TB MDT-SEV,MDT-SEV,,35000.0,42.9333,-61.5166,2018-02-07 19:00:00+00:00,5.0,0,U
T,DA40,PUB UUA /OV PUB180050/TM 2242/FL100/TP DA40/TB SEV/RM NO DAMAGE OR INJURY  ZDV,SEV,,10000.0,37.45659916659917,-104.49833,2018-02-18 22:42:00+00:00,5.0,0,L
F,B737,MYGF UA /OV ZTC359131 /TM 2046 /FL390 /TP B737 /TB NEG /RM MOSTLY SMOOTH AWC-WEB,NEG,,39000.0,28.853177624333167,-77.34264461589889,2018-02-18 20:46:00+00:00,0.0,0,M
F,SB20,AKN UA /OV AKN220100/TM 2020/FL300/TP SB20/TB LGT CHOP/RM ZAN,LGT CHOP,,30000.0,57.393155845365136,-158.70051658081994,2018-02-15 20:20:00+00:00,1.0,0,M
F,E170,PPF UA /OV OSW/TM 1812/FL290/TP E170/TB MOD CHOP/RM ZKC FDC,MOD CHOP,,29000.0,37.15,-95.2,2018-02-17 18:12:00+00:00,3.0,0,U
T,C172,MEV UUA /OV MEV/TM 0020/FL073/TP C172/TB SEV/RM ZOA CWSU,SEV,,7300.0,38.9963,-119.75,2018-02-15 00:20:00+00:00,5.0,0,L
F,H25B,RFD UA /OV DAVIS270005/TM 1945/FL140/TP H25B/TB SEV/RM DURD 140-100,SEV,,14000.0,42.1927,-89.093,2018-02-19 19:45:00+00:00,5.0,0,M
T,A332,BOS UUA /OV 43N057W/TM 1615/FL370/TP A332/TB SEV,SEV,,37000.0,43.0,-57.0,2018-02-05 16:15:00+00:00,5.0,1,H
T,C441,DEN UUA /OV APA220020/TM 1926/FL145/TP C441/TB SEV TURB 145-130 DURD,SEV TURB 145-130 DURD,,14500.0,39.314631169073024,-105.12797983515392,2018-02-18 19:26:00+00:00,5.0,0,L
F,BE9L,CLT UA /OV CLT360030/TM 1147/FL140/TP BE9L/SK IMC/TA M06/TB LGT CHOP/IC LGT-MOD RIME/RM ICING FROM 140 TO 150 ZTLFD,LGT CHOP,,14000.0,35.722590500040496,-80.95431,2018-02-07 11:47:00+00:00,1.0,0,L
T,M20P,RNO UUA /OV CXP270005/TM 1626/FL100/TP M20P/TB SEV/RM DURD,SEV,,10000.0,39.1923,-119.84013150932364,2018-02-14 16:26:00+00:00,5.0,0,L
F,B77W,MCG UA /OV MCG095100/TM 0002/FL320/TP B77W/TA M54/WV 275125/TB MOD,MOD,,32000.0,62.80472866271687,-151.94877688487475,2018-02-21 00:02:00+00:00,3.0,0,U
F,B737,CMH UA /OV MXQ/TM 1649/FL360/TP B737/TB LGT - MOD CHOP,LGT - MOD CHOP,,36000.0,39.43,-83.8,2018-02-19 16:49:00+00:00,2.0,0,M
F,C172,IYS UA /OV IYS270005 /TM 2213 /FL020 /TP C172 /TB SEV /RM PILOT SAID HEAVY TB,SEV,,2000.0,61.57,-149.7050530497081,2018-02-02 22:13:00+00:00,5.0,0,L
T,C182,SUT UUA /OV CRE060030 /TM 1514 /FL080 /TP C182 /TB SEV,SEV,,8000.0,34.06177025002025,-78.20274223894307,2018-02-24 15:14:00+00:00,5.0,0,L
F,B737,MCW UA /OV MCW180030/TM 1902/FL290/TP B737/TB MOD CHOP,MOD CHOP,,29000.0,42.65434249995951,-93.326097,2018-02-11 19:02:00+00:00,3.0,0,M
T,C680,ARG UUA /OV ARG360040/TM 2150/FL180/TP C680/TB CONT SEV 180-200/RM IN DESCENT. ZME,CONT SEV 180-200,,18000.0,36.791390666720666,-90.92511,2018-02-01 21:50:00+00:00,5.0,0,U
F,B190,UUA /OV YYG 120150 /TM 0028 /FL120 /TP B190 /TB MDT-SEV 120-140,MDT-SEV 120-140,,12000.0,44.91989874989875,-59.85339603335714,2018-02-03 00:28:00+00:00,5.0,0,M
F,C182,OGD UA /OV OGD343018-OGD /TM 0500 /FL055 /TP C182 /TB NEG,NEG,,5500.0,41.48258466501772,-112.12951506022598,2018-02-06 05:00:00+00:00,0.0,0,L
F,MD90,KCLE UA /OV 5 SW CLE/TM 1123/FL035/TP MD90/SK OVC TOPS 060 BASES 035/TB NONE/IC NONE/RM CLR ABV 060,NONE,,3500.0,41.346069661925576,-81.93134819460836,2018-02-08 11:23:00+00:00,0.0,0,M
T,BE36,APC UUA /OV APC350010/TM 2115/FL050/TP BE36/TB SEV/RM ZOA CWSU,SEV,,5000.0,38.37161151042,-122.3172348568668,2018-02-10 21:15:00+00:00,5.0,0,L
T,BE9L,RNO UUA /OV FMG210015/TM 1550/FL060/TP BE9L/TB SEV/RM 060-100 DURC,SEV,,6000.0,39.31347611202193,-119.82207897624131,2018-02-24 15:50:00+00:00,5.0,0,L
T,C56X,EGE UUA /OV RLG080045/TM 2115/FL170/TP C56X/TB SEV/RM ZDV,SEV,,17000.0,40.13024668238754,-105.47574048669752,2018-02-24 21:15:00+00:00,5.0,0,M
T,B77W,ADK UUA /OV ADK092210/TM 0606/FL320/TP B77W/TA M54/WV 241050/TB SEV/RM ZAN,SEV,,32000.0,51.74784186752404,-170.9744991119183,2018-02-16 06:06:00+00:00,5.0,0,U
F,SR22,LEX UA /OV HYK090030/TM 1705/FL090/TP SR22/TB MOD CHOP,MOD CHOP,,9000.0,37.97,-83.83569889023734,2018-02-23 17:05:00+00:00,3.0,0,L
F,B737,PUB UA /OV PUB300045/TM 2036/FL350/TP B737/TB OCNL LGT CHOP/RM MTW +/-5KTS ZDV,OCNL LGT CHOP,,35000.0,38.665030375030376,-105.32593156271744,2018-02-25 20:36:00+00:00,1.0,0,M
F,A321,IMT UA /OV IMT/TM 2107/FL300/TP A321/TB CONT LGT CHOP,CONT LGT CHOP,,30000.0,45.81836,-88.11456,2018-02-13 21:07:00+00:00,1.0,0,M
F,B737,SLC UA /OV FFU/TM 1734/FL120/TP B737/TB MOD,MOD,,12000.0,40.27,-111.94,2018-02-10 17:34:00+00:00,3.0,0,M
T,P28R,OAK UUA /OV OAK050005/TM 1720/FL020/TP P28R/TB SEV/RM DURC,SEV,,2000.0,37.77484997296125,-122.14000887226186,2018-02-03 17:20:00+00:00,5.0,0,L
F,B738,GFL UA /OV GFL/TM 2203/FL370/TP B738/TB MOD CHOP/RM MOD BETWEEN FL350-370,MOD CHOP,,37000.0,43.34122,-73.61031,2018-02-14 22:03:00+00:00,3.0,0,M
F,B752,UUA /OV 4633N05856W /TM 1920 /FL400 /TP B752 /TB SEV,SEV,,40000.0,46.55,-58.9333,2018-02-25 19:20:00+00:00,5.0,0,M
T,PC12,ASE UUA /OV DBL240015/TM 1722/FL140/TP PC12/TB SEV/RM SEV TURB DURC 140-150 MOD ABV AND BLW,SEV,,14000.0,39.31498987498987,-107.18036594434552,2018-02-19 17:22:00+00:00,5.0,0,L
T,C56X,TEB UUA /OV TEB240001/TM 2035/FL015/TP C56X/TB SEV/RM DURC,SEV,,1500.0,40.85065599166599,-74.07524569040102,2018-02-07 20:35:00+00:00,5.0,0,M
F,B737,MHS UA /OV LMT160012 /TM 1531 /FL390 /TP B737 /TB CONT LGT CHOP 390/RM AWC-WEB,CONT LGT CHOP 390,,39000.0,41.95898625280714,-121.6319024803431,2018-02-20 15:31:00+00:00,1.0,0,M
F,B737,JKL UA /OV KPBX195075 /TM 2208 /FL310 /TP B737 /TB CONT LT OCNL MOD CHOP/RM AWC-WEB:,CONT LT OCNL MOD CHOP,,31000.0,36.35119491705096,-82.97554693632317,2018-02-25 22:08:00+00:00,3.0,0,M
F,B77W,YAK UA /OV YAK207174/TM 2236/FL340/TP B77W/TB MOD/RM FL300 SMOOTH ZAN,MOD,,34000.0,56.9158717822119,-142.2542454557305,2018-02-12 22:36:00+00:00,3.0,0,U
F,B737,LOZ UA /OV LVT360010/TM 2159/FL260/TP B737/TB LGT-MOD 260-235,LGT-MOD 260-235,,26000.0,36.74668016668016,-85.17,2018-02-07 21:59:00+00:00,2.0,0,M
T,B788,BOS UUA /OV 43N 050W/TM 0457/FL370/TP B788/TB SEV,SEV,,37000.0,42.36057,-71.00973,2018-02-26 04:57:00+00:00,5.0,0,U
F,BE9L,SLN UA /OV SLN230040/TM 1321/FL100/TP BE9L/TB MOD /RM ZKC FD,MOD,,10000.0,38.36241021631001,-98.30743508474212,2018-02-06 13:21:00+00:00,3.0,0,L
T,C207,JNU UUA /OV SSR041015 /TM 1705 /FL035 /TP C207 /TB SEV /RM VCYWEST SIDE LONE MOUNTAIN LOSS 300FT,SEV,,3500.0,58.35869267793998,-134.9389878334158,2018-02-03 17:05:00+00:00,5.0,0,L
F,B747,UUA /OV 49N050W /TM 2140 /FL380 /TP B747 /TB SEV,SEV,,38000.0,49.0,-50.0,2018-02-07 21:40:00+00:00,5.0,0,H
T,MD82,FWA UUA /OV FWA135020/TM 0430/FL250/TP MD82/TB OCNL SEV 220B250,OCNL SEV 220B250,,25000.0,40.7423286477023,-84.8749001023899,2018-02-16 04:30:00+00:00,5.0,0,M
F,B738,ELM UA /OV 30E EWM/TM 2124/FL370/TP B738/TB MOD CHOP/RM ZAB/FDCS,MOD CHOP,,37000.0,31.95,-105.68068417184418,2018-02-28 21:24:00+00:00,3.0,0,M
F,CRJ2,OIC UA /OV HNK090090 /TM 1641 /FL280 /TP CRJ2 /TB NEG/RM AWC-WEB:,NEG,,28000.0,42.06,-73.29948115446648,2018-02-02 16:41:00+00:00,0.0,0,M
F,BE20,DDH UA /OV ALB045020 /TM 0040 /FL170 /TP BE20 /TB NEG /RM SMOOTH,NEG,,17000.0,42.9932913522977,-73.48256557617663,2018-02-17 00:40:00+00:00,0.0,0,M
T,P46T,SMF UUA /OV HNW225008/TM 0320/FL042/TP P46T/TB SEV/RM DURD,SEV,,4200.0,38.62571145908092,-120.87084988151182,2018-02-11 03:20:00+00:00,5.0,0,L
T,E145,DEN UUA /OV DEN320022/TM 1719/FL110/TP E145/TB SEV,SEV,,11000.0,40.11370571401967,-104.96444449363298,2018-02-18 17:19:00+00:00,5.0,0,M
F,C207,JNU UA /OV SSR041015 /TM 1705 /FL035 /TP C207 /TB SEV /RM VCY WESTSIDE LONE MOUNTAIN LOSS 300FT,SEV,,3500.0,58.35869267793998,-134.9389878334158,2018-02-03 17:05:00+00:00,5.0,0,L
T,C172,PAQ UUA /OV PAQ /TM 2304 /FL010 /TP C172 /TB EXTRM /RM TFC PTN RWY 10,EXTRM,,1000.0,61.59,-149.08,2018-02-02 23:04:00+00:00,7.0,0,L
F,AS50,UUA /OV YZV 045015 /TM 1732 /FL020 /TP AS50 /TB MDT-SEV BLO 020,MDT-SEV BLO 020,,2000.0,50.35679101422328,-65.99392702772991,2018-02-12 17:32:00+00:00,5.0,0,L
F,B737,HYS UA /OV HYS/TM 1306/FL380/TP B737/TB LGT-MOD CHOP FL380-400/RM ZKC,LGT-MOD CHOP FL380-400,,38000.0,38.84222,-99.27317,2018-02-12 13:06:00+00:00,2.0,0,M
F,B752,PAH UA /OV CNG 180025/TM 1408/FL340/TP B752/TB OCNL MOD/RM ZME,OCNL MOD,,34000.0,36.59329958329958,-88.84,2018-02-17 14:08:00+00:00,3.0,0,M
T,C172,TLH UUA /OV TLH040012/TM 1655/FL020/TP C172/WX +RA/TB SEV,SEV,,2000.0,30.546761298556184,-84.2022979484977,2018-02-04 16:55:00+00:00,5.0,1,L
T,BE20,DFW UUA /OV DFW180020/TM 1915/FL040/TP BE20/TB EXTRM,EXTRM,,4000.0,32.56346966663967,-97.038,2018-02-15 19:15:00+00:00,7.0,0,M
F,A320,JVL UA /OV JVL330030/TM 1326/FL240/TP A320/TB OCNL LGT CHOP FL260/RM BETTER THAN FL240,OCNL LGT CHOP FL260,,24000.0,43.05329777595615,-89.38132706566812,2018-02-15 13:26:00+00:00,1.0,0,M
F,C25A,EGE UA /OV RLG060025/TM 2322/FL220/TP C25A/TB SEV/RM ZDV,SEV,,22000.0,40.20835020835021,-105.96891356386476,2018-02-23 23:22:00+00:00,5.0,0,L
F,B738,SJN UA /OV SJN090060 /TM 1800 /FL360 /TP B738 /TB CONT LGT CHOP 360 /RM OCCNL MOD CHOP AWC-WEB,CONT LGT CHOP 360,,36000.0,34.52,-108.1662040326317,2018-02-11 18:00:00+00:00,1.0,0,M
T,P28A,UKF UUA /OV BZM030030/TM 1847/FL080/TP P28A/SK SEV/TB SEV/RM NO DMG OR INJS,SEV,,8000.0,36.30304777595615,-80.93146579083744,2018-02-16 18:47:00+00:00,5.0,0,L
F,E45X,SGF UA /OV SGF260025/TM 1627/FL150/TP E45X/TB MOD 150-170/RM ZKCFD,MOD 150-170,,15000.0,37.16734073200692,-93.90516819820928,2018-02-21 16:27:00+00:00,3.0,0,M
F,B737,PRB UA /OV AVE020025/TM 2239/FL310/TP B737/TB MOD CHOP/RM ZOA CWSU,MOD CHOP,,31000.0,36.04157030665179,-119.80461080502208,2018-02-19 22:39:00+00:00,3.0,0,M
F,C208,OGG UA /OV 5 NE OGG/TM 1820/FL010/TP C208/SK SCT035/WX 10+SM/TB LGT CHOP/RM HZ,LGT CHOP,,1000.0,20.948930338074423,-156.36692343241205,2018-02-03 18:20:00+00:00,1.0,0,L
T,A321,KCVS UUA /OV PIO080014/TM 1419/FL340/TP A321/TB SEV TURB/RM ZAB TMU,SEV TURB,,34000.0,32.57052119007612,-105.0374292934844,2018-02-19 14:19:00+00:00,5.0,0,M
F,B737,UUA /OV CYEG 010080 /TM 0415 /FL240 /TP B737 /TB MDT-SEV 240-250 /RM 25 MILES NORTH OF RESAX,MDT-SEV 240-250,,24000.0,54.62290336335996,-113.19218213580426,2018-02-02 04:15:00+00:00,5.0,0,M
F,BE90,HYA UA /OV HYA/TM 2133/FL010/TP BE90/WX IMC/TB SEV,SEV,,1000.0,41.67,-70.28,2018-02-07 21:33:00+00:00,5.0,0,L
F,PRIM1,MEM UA /OV KMEM/TM 1241/FL040/TP PRIM1/TB EXTRM 040-050 DURC,EXTRM 040-050 DURC,,4000.0,35.06111,-89.985,2018-02-21 12:41:00+00:00,7.0,0,U
F,B737,DAG UA /OV HEC050045 /TM 2248 /FL360 /TP B737 /TB MOD/RM AWC-WEB:,MOD,,36000.0,35.28212975665124,-115.76027349086549,2018-02-06 22:48:00+00:00,3.0,0,M
F,A320,GCK UA /OV GCK045010/TM 2351/FL240/TP A320/TB CONT MOD CHOP/RM ZKC FDC,CONT MOD CHOP,,24000.0,38.04539067614885,-100.57500019242713,2018-02-16 23:51:00+00:00,3.0,0,M
F,B738,MKC UA /OV ANX090040/TM 1904/FL360/TP B738/TB NEG CHOP/RM ZKC FDC,NEG CHOP,,36000.0,39.1,-93.27087526126064,2018-02-24 19:04:00+00:00,0.0,0,M
F,C172,IYS UA /OV IYS270005 /TM 2213 /FL020 /TP C172 /TB SEV /RM PILOTSAID HEAVY TB,SEV,,2000.0,61.57,-149.7050530497081,2018-02-02 22:13:00+00:00,5.0,0,L
F,B744,GKN UA /OV GKN105085/TM 0355/FL320/TP B744/TB MOD/RM SMOOTH FL300 ZAN,MOD,,32000.0,61.78330998658964,-142.52057446575216,2018-02-17 03:55:00+00:00,3.0,0,H
F,C172,KFTG UA /OV KFTG080004/TM 1634/FL068/TP C172/TB SEV,SEV,,6800.0,39.79682748287889,-104.45769506544308,2018-02-17 16:34:00+00:00,5.0,0,L
F,GLEX,FSM UA /OV PGO /TM 1428 /FL400 /TP GLEX /TA NaN /WV 210104KT /TB CONT LGT CHOP 400 /RM BUZZ AWC-WEB,CONT LGT CHOP 400,,40000.0,34.68,-94.61,2018-02-21 14:28:00+00:00,1.0,0,M
T,TBM8,ARG UUA /OV ARG360035/TM 2235/FL180/TP TBM8/TB SEV 180-210/RM ZME,SEV 180-210,,18000.0,36.70805058338058,-90.92511,2018-02-01 22:35:00+00:00,5.0,0,U
T,C172,PAQ UUA /OV PAQ /TM 2304 /FL010 /TP C172 /TB EXTRM /RM TFC PTN RWY10,EXTRM,,1000.0,61.59,-149.08,2018-02-02 23:04:00+00:00,7.0,0,L
F,LJ60,ISP UA /OV ISP/TM 1809/FL270/TP LJ60/TB SEV 270,SEV 270,,27000.0,40.79389,-73.10167,2018-02-26 18:09:00+00:00,5.0,0,M
T,F900,KILG UUA /OV KILG/TM 1838/FL015/TP F900/TB SEV 015/RM DURD RWY 19,SEV 015,,1500.0,39.67278,-75.60083,2018-02-11 18:38:00+00:00,5.0,0,M
F,P32R,VRB UA /OV TRV200024/TM 1821/FL070/TP P32R/WX MOD RAIN/TB MOD /RM CLOUDS WERE TCU,MOD,,7000.0,27.30409250561428,-80.64450086127216,2018-02-11 18:21:00+00:00,3.0,0,L
F,B738,POV UA /OV CXR180020/TM 2347/FL390/TP B738/TB MOD CHOP,MOD CHOP,,39000.0,41.18663966663967,-81.16,2018-02-01 23:47:00+00:00,3.0,0,M
T,C340,LAL UUA /OV LAL158048/TM 2235/FL120/TP C340/TB SEV,SEV,,12000.0,27.247112834772715,-81.67915283321244,2018-02-11 22:35:00+00:00,5.0,0,L
T,M500,ORF UUA /OV NTU360010/TM 2344/FL050/TP M500/TB SEV,SEV,,5000.0,36.98738016668017,-76.03354,2018-02-16 23:44:00+00:00,5.0,0,U
F,A319,BJJ UA /OV CLE180020 /TM 2240 /FL350 /TP A319 /SK SCT340 /TA M51 /WV 23675KT /TB OCNL LGT,OCNL LGT,,35000.0,41.07163966663967,-81.85278,2018-02-21 22:40:00+00:00,1.0,0,M
F,B777,MOB UA /OV BFM180085 /TM 0241 /FL310 /TP B777 /TB OCNL MOD CHOP /RM FM KZHU AWC-WEB:,OCNL MOD CHOP,,31000.0,29.209998583218585,-88.06808,2018-02-26 02:41:00+00:00,3.0,0,H
T,CL60,DEN UUA /OV DEN220040/TM 0350/FL140/TP CL60/TB SEV,SEV,,14000.0,39.32206233814605,-105.2155808975145,2018-02-04 03:50:00+00:00,5.0,0,M
F,E75,EVW UA /OV EVW/TM 1435/FL130/TP E75/TA M15/TB LGT RIME/RM ZLC,LGT RIME,,13000.0,41.27306,-111.03056,2018-02-15 14:35:00+00:00,1.0,0,U
F,C560,CLT UA /OV CLT300030/TM 2047/FL160/TP C560/TB SEV AT 160,SEV AT 160,,16000.0,35.47257025002025,-81.48440946303278,2018-02-26 20:47:00+00:00,5.0,0,M
T,A320,ALS UUA /OV ALS360030/TM 1702/FL340/TP A320/TB SEV/RM CONTINUED TO FL350.....ZDV,SEV,,34000.0,37.9389305000405,-105.86139,2018-02-18 17:02:00+00:00,5.0,0,M
T,DA40,MLD UUA /OV MLD240030/TM 1925/FL120/TP DA40/TB SEV MTW UNABLE TO MAINTAIN ALT/RM ZLC,SEV MTW UNABLE TO MAINTAIN ALT,,12000.0,41.91656974997975,-112.8808852877759,2018-02-03 19:25:00+00:00,5.0,0,L
T,A321,NEL UUA /OV RBV /TM 1228 /FL100 /TP A321 /TB SEV,SEV,,10000.0,40.2,-74.5,2018-02-02 12:28:00+00:00,5.0,0,M
F,PA31,SDB UA /OV GMN /TM 0049 /FL110 /TP PA31 /TB MOD CHOP /RM ZLAWC AWC-WEB:,MOD CHOP,,11000.0,34.8,-118.86,2018-02-23 00:49:00+00:00,3.0,0,L
F,A333,PVC UA /OV LFV/TM 2333/FL340/TP A333/TB LGT-MOD,LGT-MOD,,34000.0,42.02,-70.04,2018-02-05 23:33:00+00:00,2.0,0,H
T,PC12,ELY UUA /OV 15 S ELY/TM 2022/FL270/TP PC12/TB SEV TURB/RM ZLC,SEV TURB,,27000.0,39.04497974997975,-114.84528,2018-02-16 20:22:00+00:00,5.0,0,L
F,B712,SDF UA /OV IIU175038/TM 1133/FL350/TP B712/TB LGT-MOD CHOP,LGT-MOD CHOP,,35000.0,37.46902558636945,-85.50985048749006,2018-02-01 11:33:00+00:00,2.0,0,M
F,E170,GGG UA /OV KTYR229008/TM 1518/FL330/TP E170/TB MOD,MOD,,33000.0,32.26665837735667,-95.52152029461892,2018-02-21 15:18:00+00:00,3.0,0,U
T,PC12,DEN UUA /OV DVV220040/TM 1815/FL155/TP PC12/TB SEV TURB  MTW/RM DURD 155-125 -2000FT ZDV,SEV TURB  MTW,,15500.0,39.379262338146056,-105.17854630214244,2018-02-17 18:15:00+00:00,5.0,0,L
T,C680,DEN UUA /OV 220035DEN/TM 1611/FL160/TP C680/TB SEV,SEV,,16000.0,39.8328,-104.6575,2018-02-17 16:11:00+00:00,5.0,0,U
T,DA40,PUB UUA /OV PUB225010 /TM 2222 /FL105 /TP DA40 /TB SEV,SEV,,10500.0,38.17213932385115,-104.64849307696204,2018-02-18 22:22:00+00:00,5.0,0,L
T,E300,VOK UUA /OV VOK090010 /TM 2034 /FL055 /TP E300 /WV 21366KT /TB SEV BLO 035 /RM NEG TURB 055,SEV BLO 035,,5500.0,43.93924,-90.02168421959674,2018-02-18 20:34:00+00:00,5.0,0,L
F,A321,DCA UA /OV FAK050020/TM 1909/FL340/TP A321/TB MOD,MOD,,34000.0,37.744279891845,-77.50798521272843,2018-02-10 19:09:00+00:00,3.0,0,M
F,CS-172,MRI UA /OV MRI160008/TM 0054/FL020/TP CS-172/SK TOPS OF THE FOG AT 015/WX 10SM ABOVE THE FOG /TB NONE,NONE,,2000.0,61.08469750187143,-149.74530250998995,2018-02-09 00:54:00+00:00,0.0,0,U
F,WW24,MLC UA /OV MLC145030/TM 1844/FL320/TP WW24/TB MOD,MOD,,32000.0,34.47261080216453,-95.4334303835441,2018-02-27 18:44:00+00:00,3.0,0,M
F,C421,DEN UA /OV TBE160005/TM 1929/FL140/TP C421/TB INTER MOD TURB/RM ZDV,INTER MOD TURB,,14000.0,37.19168593866964,-103.5641815511972,2018-02-15 19:29:00+00:00,3.0,0,L
F,A320,DRA UA /OV BTY100090 /TM 1516 /FL380 /TP A320 /TB LGT CHOP /RM MTN WAVE....ZLAWC AWC-WEB:,LGT CHOP,,38000.0,36.59950663522492,-114.93357509031576,2018-02-18 15:16:00+00:00,1.0,0,M
F,B757,OKV UA /OV 10 E ESL/TM 2048/FL310/TP B757/TB LGT-MOD CHOP 310,LGT-MOD CHOP 310,,31000.0,39.23,-78.77482149245623,2018-02-04 20:48:00+00:00,2.0,0,M
F,A321,FOD UA /OV FOD/TM 1500/FL370/TP A321/TB LGT CHOP,LGT CHOP,,37000.0,42.549741,-94.203203,2018-02-01 15:00:00+00:00,1.0,0,M
T,C560,GUC UUA /OV HBU120005/TM 2100/FL174/TP C560/TB SEV/RM FL174-176 LOST AUTO PILOT ZDV,SEV,,17400.0,38.40832995832996,-106.9478407361767,2018-02-19 21:00:00+00:00,5.0,0,M
F,MU2,KMQY UA /OV MQY/TM 1845/FL012/TP MU2/SK BKN012 OVC020/TB NEG/IC NEG/RM DURD,NEG,,1200.0,36.00897,-86.52008,2018-02-16 18:45:00+00:00,0.0,0,L
T,P46T,EXX UUA /OV GSO200020/TM 2056/FL140/TP P46T/TB SEV CAT 080-150/RM NO DMG OR INJS RPTD/ZTLFD,SEV CAT 080-150,,14000.0,35.78424375467856,-80.08471612489467,2018-02-16 20:56:00+00:00,5.0,0,L
F,B737,LOU UA /OV ECB180015/TM 1902/FL290/TP B737/TB MOD CHOP,MOD CHOP,,29000.0,37.90997974997975,-82.91,2018-02-17 19:02:00+00:00,3.0,0,M
T,UNKN,LAS UUA /OV LAS /TM 0453 /FL100 /TP UNKN /TB SEV BLO 100 /RM MULTIPLE AIRCRAFT,SEV BLO 100,,10000.0,36.08006,-115.15225,2018-02-19 04:53:00+00:00,5.0,0,U
F,A321,CLT UA /OV CLT360040/TM 2347/FL340/TP A321/TB MOD CHOP/RM ZTLFD,MOD CHOP,,34000.0,35.88927066672066,-80.95431,2018-02-11 23:47:00+00:00,3.0,0,M
T,LJ60,JFK UUA /OV JFK190020/TM 1810/FL270/TP LJ60/TB SEV,SEV,,27000.0,40.31031415916001,-73.83850482836206,2018-02-26 18:10:00+00:00,5.0,0,M
T,DA50,RNM UUA /OV JLI /TM 0533 /FL100 /TP DA50 /TB SEV,SEV,,10000.0,33.14,-116.59,2018-02-24 05:33:00+00:00,5.0,0,L
T,B777,ADK UUA /OV 4400N 17600W/TM 1852/FL290/TP B777/TB SEV/RM ZOA CWSU,SEV,,29000.0,44.0,-176.0,2018-02-15 18:52:00+00:00,5.0,0,H
F,LJ55,DEN UA /OV DEN230045/TM 2305/FL140/TP LJ55/TB SEV,SEV,,14000.0,39.35067024334876,-105.4057317788925,2018-02-24 23:05:00+00:00,5.0,0,M
F,A319,AMA UA /OV PNH100040/TM 1831/FL280/TP A319/TB MOD TURB/RM ZAB FDCS,MOD TURB,,28000.0,35.12422517121108,-100.89608461208088,2018-02-17 18:31:00+00:00,3.0,0,M
T,A333,BOS UUA /OV 4022N04336W/TM 0230/FL380/TP A333/TB SEV,SEV,,38000.0,40.3666,-43.6,2018-02-14 02:30:00+00:00,5.0,0,H
F,B77L,PASY UA /OV SYA039071/TM 1845/FL380/TP B77L/TB SEV/RM 360 SMOOTH. ZAN,SEV,,38000.0,53.62969721057231,175.33927566866956,2018-02-27 18:45:00+00:00,5.0,0,U
F,P28A,UA /OV CYOO 030010 /TM 2105 /FL035 /TP P28A /TB LGT-MDT,LGT-MDT,,3500.0,44.06712925865205,-78.76762413658014,2018-02-16 21:05:00+00:00,1.0,0,L
T,C56X,FNL UUA /OV DEN330040/TM 2010/FL140/TP C56X/TB SEV/RM ZDV,SEV,,14000.0,40.4101970346082,-105.09160987478948,2018-02-17 20:10:00+00:00,5.0,0,M
F,A319,DHT UA /OV DHT/TM 1541/FL300/TP A319/TB LGT-MOD CHOP/RM ZAB/FDCS,LGT-MOD CHOP,,30000.0,36.02259,-102.54728,2018-02-14 15:41:00+00:00,2.0,0,M
F,B737,ORD UA /OV PMM/TM 0913/FL350/TP B737/TB CONT LGT CHOP,CONT LGT CHOP,,35000.0,42.47,-86.11,2018-02-25 09:13:00+00:00,1.0,0,M
T,E145,AVP UUA /OV AVP/TM 1538/FL040/TP E145/L/TB SEV/RM SEVERE TURBULANCE SFC-050 ON CLIMB OUT OF AVP: GAIN/LOSS 25 KTS ON FINAL,SEV,,4000.0,41.33347,-75.72267,2018-02-25 15:38:00+00:00,5.0,0,M
F,B777,SPS UA /OV DUC180030/TM 2127/FL160/TP B777/TB MOD,MOD,,16000.0,33.9699594999595,-97.96,2018-02-28 21:27:00+00:00,3.0,0,H
T,PA31,PRB UUA /OV AVE316035/TM 0018/FL080/TP PA31/TB SEV/RM ZOA CWSU,SEV,,8000.0,36.06964887237044,-120.4787127356673,2018-02-23 00:18:00+00:00,5.0,0,L
T,B748,GTF UUA /OV GTF180018/TM 1550/FL380/TP B748/TB SEV /ZLC,SEV,,38000.0,47.1732756999757,-111.3822,2018-02-25 15:50:00+00:00,5.0,0,U
T,EA50,LAR UUA /OV LAR218029/TM 2119/FL270/TP EA50/TB SEV/RM ZDV,SEV,,27000.0,40.9311572851049,-106.07119735579816,2018-02-24 21:19:00+00:00,5.0,0,U
F,B737,WRG UA /OV LVD040060/TM 0550/FL405/TP B737/TB LGT - MOD/RM ZAN,LGT - MOD,,40500.0,57.23610649278092,-131.9162228832644,2018-02-19 05:50:00+00:00,2.0,0,M
F,BE20,ACT UA /OV ACT180025 /TM 2310 /FL230 /TP BE20 /TB MOD /RM FM ZHU AWC-WEB:,MOD,,23000.0,31.201269583299585,-97.2283,2018-02-21 23:10:00+00:00,3.0,1,M
T,LJ35,LIT UUA /OV ELD320035/TM 0102/FL390/TP LJ35/TB SEV/RM +- 500FT -ZME,SEV,,39000.0,33.66786545412221,-93.2615300767368,2018-02-07 01:02:00+00:00,5.0,1,M
T,TBM,ALS UUA /OV ALS080050/TM 2150/FL310/TP TBM/TB SEV TURB/RM +/-30KTS MTN WAVE ZDV,SEV TURB,,31000.0,37.58360853598616,-104.82771575214436,2018-02-18 21:50:00+00:00,5.0,0,L
F,B757,ACK UA /OV ACK100100/TM 2330/FL300/TP B757/TB LGT-MOD,LGT-MOD,,30000.0,40.96367292802769,-67.87692288509804,2018-02-20 23:30:00+00:00,2.0,0,M
F,B737,BXK UA /OV BXK/TM 1332/FL320/TP B737/TB LGT CHOP/RM ZAB,LGT CHOP,,32000.0,33.4204167,-112.6861808,2018-02-21 13:32:00+00:00,1.0,0,M
F,B739,EUG UA /OV EUG131033 /TM 0208 /FL290 /TP B739 /TB NEG /RM ASA309 AWC-WEB,NEG,,29000.0,43.76371830659625,-122.6336642298804,2018-02-24 02:08:00+00:00,0.0,0,M
F,SR22,PTS UA /OV NVD /TM 1505 /FL100 /TP SR22 /SK SKC /TA M01 /WV 23335KT /TB NEG /RM CI ABV SMOOTH,NEG,,10000.0,37.85,-94.3,2018-02-18 15:05:00+00:00,0.0,0,L
T,P28A,RNO UUA /OV RNO190020/TM 1730/FL140/TP P28A/TB SEV/RM DOWNDRAFTS OF 2000 FT. DURD,SEV,,14000.0,39.15559415916001,-119.8461127977959,2018-02-11 17:30:00+00:00,5.0,0,L
T,C208,BTV UUA /OV BTV260030/TM 0043/FL080/TP C208/TB SEV/RM UNCONTROLLABLE DOWNDRAFT 1000FT ALTITUDE LOSS,SEV,,8000.0,44.38316887840831,-73.84006697161551,2018-02-17 00:43:00+00:00,5.0,0,L
T,B777,HNL UUA /OV HNL260050/TM 1615/FL390/TP B777/TB SEV/RM MOD TO SEV TURB FL390 TO FL230,SEV,,39000.0,21.165281464013844,-158.80097369967078,2018-02-25 16:15:00+00:00,5.0,0,H
F,A321,HNL UA /OV 2250N 14820W-2215N 14940W/TM 0058/FL340/TP A321/TB CONT LGT-OCNL MOD/RM ZOA CWSU,CONT LGT-OCNL MOD,,34000.0,22.8333,-148.3333,2018-02-21 00:58:00+00:00,2.0,0,M
F,CRJ7,LGA UA /OV RBV/TM 1225/FL100/TP CRJ7/TB SEV/RM 15 SECOND DURATION,SEV,,10000.0,40.2,-74.5,2018-02-02 12:25:00+00:00,5.0,0,M
F,P28A,KCPR UA /OV CPR090022/TM 1904/FL075/TP P28A/TB CONT MOD,CONT MOD,,7500.0,42.908,-105.96377497911855,2018-02-13 19:04:00+00:00,3.0,0,L
F,GLF5,GRR UA /OV VIO360015/TM 0022/FL410/TP GLF5/TB OCNL LGT,OCNL LGT,,41000.0,42.88,-85.52,2018-02-15 00:22:00+00:00,1.0,0,M
T,CRJ9,UIN UUA /OV UIN220020/TM 2353/FL350/TP CRJ9/TB SEV/RM ZKCFD,SEV,,35000.0,39.687481169073024,-91.47406874963208,2018-02-19 23:53:00+00:00,5.0,0,U
F,M20P,DAG UA /OV HEC100030 /TM 1612 /FL065 /TP M20P /TB SEV-EXTRM/RM AWC-WEB,SEV-EXTRM,,6500.0,34.713168878408304,-115.86029929301216,2018-02-19 16:12:00+00:00,6.0,0,L
T,E55P,LMO UUA /OV FNL180020 /TM 1756 /FL100 /TP E55P /TB SEV,SEV,,10000.0,40.11846966663967,-105.01134,2018-02-24 17:56:00+00:00,5.0,0,U
T,CRJ7,FRG UUA /OV DPK/TM 1400/FL190/TP CRJ7/TB SEV,SEV,,19000.0,40.79,-73.3,2018-02-02 14:00:00+00:00,5.0,0,M
F,A321,ACT UA /OV JEN130010/TM 0345/FL370/TP A321/TB MOD,MOD,,37000.0,32.0528600540775,-97.7291735202542,2018-02-25 03:45:00+00:00,3.0,0,M
T,C441,MRN UUA /OV BZM270026/TM 1945/FL110/TP C441/TB SEV 110-130/RM NO DMG OR INJS RPTD/ZTLFD,SEV 110-130,,11000.0,35.87,-81.7747926292151,2018-02-16 19:45:00+00:00,5.0,0,L
T,C206,OAK UUA /OV OAK050015/TM 1715/FL035/TP C206/TB SEV,SEV,,3500.0,37.88198991888375,-121.97858661678556,2018-02-15 17:15:00+00:00,5.0,0,L
F,B190,ANI UA /OV ANI085030/TM 2216/FL180/TP B190/SK OVC012 TOP220/TB NEG/IC NEG/RM DURC,NEG,,18000.0,61.623581401184936,-158.49334103341633,2018-02-21 22:16:00+00:00,0.0,0,M
F,CRJ7,AUO UA /OV TGE/TM 1534/FL220/TP CRJ7/TB LGT-MOD/RM ZTLFD,LGT-MOD,,22000.0,32.48,-85.67,2018-02-07 15:34:00+00:00,2.0,1,M
T,PC12,SEG UUA /OV MIP112035/TM 1247/FL140/TP PC12/TB SEV,SEV,,14000.0,40.801461786994814,-75.95308148584449,2018-02-22 12:47:00+00:00,5.0,0,L
F,MD90,LSE UA /OV LSE070015/TM 0028/FL230/TP MD90/TB OCNL MOD,OCNL MOD,,23000.0,43.965511961746245,-90.92405045843071,2018-02-23 00:28:00+00:00,3.0,0,M
F,BE9L,LAR UA /OV LAR125020/TM 0220/FL170/TP BE9L/TA -14/TB MOD/IC MOD RIME/RM DURING DESCENT ZDV,MOD,,17000.0,41.12085236797039,-105.3114483573824,2018-02-06 02:20:00+00:00,3.0,0,L
F,P28A,GUY UA /OV GUY120020 /TM 1753 /FL095 /TP P28A /SK SKC /TB NEG,NEG,,9500.0,36.51498983331983,-101.14529188180111,2018-02-05 17:53:00+00:00,0.0,0,L
T,B744,ORF UUA /OV 37N050W/TM 1933/FL340/TP B744/TB SEV,SEV,,34000.0,37.0,-50.0,2018-02-25 19:33:00+00:00,5.0,1,H
T,P46T,DEN UUA /OV 22040DEN/TM 1725/FL150/TP P46T/TB SEV,SEV,,15000.0,39.8328,-104.6575,2018-02-25 17:25:00+00:00,5.0,0,L
T,B773,JRF UUA /OV HNL260050 /TM 1615 /FL390 /TP B773 /TB SEV,SEV,,39000.0,21.165281464013844,-158.80097369967078,2018-02-25 16:15:00+00:00,5.0,0,U
T,MD82,FWA UUA /OV FWA115010/TM 0416/FL220/TP MD82/L /TB OCNL SEV FL250-220,OCNL SEV FL250-220,,22000.0,40.90760791769098,-84.98703547744793,2018-02-16 04:16:00+00:00,5.0,0,M
F,G150,ONM UA /OV ONM200040/TM 2052/FL400/TP G150/TB LGT-MOD CAT/RM ZAB,LGT-MOD CAT,,40000.0,33.39595970935713,-107.17826787515816,2018-02-04 20:52:00+00:00,2.0,0,U
T,CRJ7,LDM UUA /OV LDM/TM 0440/FL230/TP CRJ7/TB SEV,SEV,,23000.0,43.96253,-86.40792,2018-02-20 04:40:00+00:00,5.0,0,M
F,B77W,UUA /OV 4847N05100W /TM 0355 /FL330 /TP B77W /TB MDT - SEV,MDT - SEV,,33000.0,48.7833,-51.0,2018-02-26 03:55:00+00:00,5.0,0,U
T,A321,KCVS UUA /OV 15E PIO/TM 1415/FL360/TP A321/TB SEV TURB/RM ZAB TMU,SEV TURB,,36000.0,32.53,-105.01345476891096,2018-02-19 14:15:00+00:00,5.0,0,M
F,TBM8,ARG UA /OV ARG360035/TM 2235/FL180/TP TBM8/TB SEV 180-210/RM ZME,SEV 180-210,,18000.0,36.70805058338058,-90.92511,2018-02-01 22:35:00+00:00,5.0,0,U
T,B77W,ADK UUA /OV ADK092210/TM 0606/FL320/TP B77W/TB SEV/RM ZAN,SEV,,32000.0,51.74784186752404,-170.9744991119183,2018-02-16 06:06:00+00:00,5.0,0,U
T,C172,SDB UUA /OV LHS350012/TM 1844/FL050/TP C172/TB SEV/RM +800-1000 FT UDDFS. COR SA-ID AND TURB. ZLA CWSU,SEV,,5000.0,34.87697750450399,-118.62223597818996,2018-02-13 18:44:00+00:00,5.0,0,L
F,B737,TUS UA /OV 45 N TUS/TM 1454/FL380/TP B737/TB LGT MTN WAVE +/-M07/RM ZAB,LGT MTN WAVE +,,38000.0,32.870330750060745,-110.93798,2018-02-19 14:54:00+00:00,1.0,0,M
T,C425,OJC UUA /OV IXD045010 /TM 1650 /FL030 /TP C425 /TB OCNL SEV /RM PILOT HIT HEAD ON CABIN DURD,OCNL SEV,,3000.0,38.94878067614885,-94.7390125399557,2018-02-18 16:50:00+00:00,5.0,0,L
F,MULT,DEN UA /OV DEN220040/TM 0007/FL190/TP MULT/TB LGT-MOD TURB/RM 190-140 LIGHT - MODERATE TURBULENCE IN DESCENT FROM MULTIPLE AIRCRAFT,LGT-MOD TURB,,19000.0,39.32206233814605,-105.2155808975145,2018-02-16 00:07:00+00:00,2.0,0,U
T,B77W,BOS UUA /OV 4233N05546W/TM 1819/FL380/TP B77W/TB SEV,SEV,,38000.0,42.55,-55.7666,2018-02-16 18:19:00+00:00,5.0,0,U
T,E135,BIH UUA /OV BIH/TM 0047/FL130/TP E135/TB SEV CAT/RM ZOA CWSU,SEV CAT,,13000.0,37.37311,-118.36361,2018-02-19 00:47:00+00:00,5.0,0,M
F,A320,SGU UA /OV MMM150040 /TM 0215 /FL230 /TP A320 /TB MOD /RM DURD FL230-180....ZLAWC AWC-WEB,MOD,,23000.0,36.192602965391806,-113.8638431409601,2018-02-13 02:15:00+00:00,3.0,0,M
F,GLF4,ORF UA /OV CCV/TM 1625/FL250/TP GLF4/TB MOD,MOD,,25000.0,37.35,-76.0,2018-02-28 16:25:00+00:00,3.0,0,M
T,H25B,SCK UUA /OV LIN050065/TM 1823/FL365/TP H25B/TB SEV 365/NEG 380/RM ZOA CWSU,SEV 365,,36500.0,38.76640964849624,-119.94577291361684,2018-02-16 18:23:00+00:00,5.0,0,M
F,A333,ORD UA /OV IOW/TM 1823/FL400/TP A333/TB MOD CHOP 400-390,MOD CHOP 400-390,,40000.0,41.63939,-91.544535,2018-02-10 18:23:00+00:00,3.0,0,H
T,MO20,PSP UUA /OV BNG/TM 0110/FL045/TP MO20/TB SEV/RM COR SA-ID. ZLA CWSU,SEV,,4500.0,33.92,-116.85,2018-02-13 01:10:00+00:00,5.0,0,U
F,C207,JNU UA /OV SSR041015 /TM 1705 /FL035 /TP C207 /TB SEV /RM VCY WEST SIDE LONE MOUNTAIN LOSS 300FT,SEV,,3500.0,58.35869267793998,-134.9389878334158,2018-02-03 17:05:00+00:00,5.0,0,L
T,P28A,CCR UUA /OV OAK-CCR120011 /TM 0211 /FL040 /TP P28A /TB OCNL SEV,OCNL SEV,,4000.0,37.99160631,-122.05263065,2018-02-07 02:11:00+00:00,5.0,0,L
T,F2TH,PUB UUA /OV PUB2800020/TM 0157/FL410/TP F2TH/TB SEV WAVE +-.03-.04 +-200 GAINED 200 LOST 200/RM ZDV,SEV WAVE +-.03-.04 +-200 GAINED 200 LOST 200,,41000.0,38.29,-104.49833,2018-02-19 01:57:00+00:00,5.0,0,M
T,B737,KDEN UUA /OV 40NW DEN/TM 1514/FL140/TP B737/TB SEV 150-130/RM +/- 30 KNOTS,SEV 150-130,,14000.0,40.21521526405923,-105.36870398275968,2018-02-18 15:14:00+00:00,5.0,0,M
F,B767,HOM UA /OV HOM152090/TM 1236/FL370/TP B767/TB CONT MOD/RM ZAN,CONT MOD,,37000.0,58.3154713324718,-150.07660763094978,2018-02-11 12:36:00+00:00,3.0,0,H
F,B77W,UUA /OV 4720N05300W /TM 0200 /FL350 /TP B77W /TB MDT-SEV /RM FM 53 -55W,MDT-SEV,,35000.0,47.3333,-53.0,2018-02-26 02:00:00+00:00,5.0,0,U
T,CL30,EGE UUA /OV RLG080040/TM 2120/FL240/TP CL30/TB SEV/RM ZDV,SEV,,24000.0,40.11577482878892,-105.58288043262002,2018-02-24 21:20:00+00:00,5.0,0,U
T,RV7,LSB UUA /OV SSO/TM 2048/FL120/TP RV7/TB SEV MTN WAVE/RM UNABLE TO CLIMB/HOLD ALT ZAB TMU,SEV MTN WAVE,,12000.0,32.27,-109.26,2018-02-12 20:48:00+00:00,5.0,0,L
F,CL35,DUC UA /OV DUC130025/TM 2000/FL430/TP CL35/TB LGT-MOD CHOP/RM CONT,LGT-MOD CHOP,,43000.0,34.202150135193754,-97.57280656166176,2018-02-08 20:00:00+00:00,2.0,0,U
F,GEX,U24 UA /OV 3934N 11258W /TM 2235 /FL410 /TP GEX /TB OCNL MOD CHOP 410 /RM CONT LIGHT-MOD TURB  OCC MOD   SMOOTH 390 -ABS AWC-WEB,OCNL MOD CHOP 410,,41000.0,39.5666,-112.9666,2018-02-27 22:35:00+00:00,3.0,0,U
F,CRJ9,OMA UA /OV OVR/TM 1343/FL360/TP CRJ9/TB LGT CHOP,LGT CHOP,,36000.0,41.17,-95.74,2018-02-27 13:43:00+00:00,1.0,0,U
F,SH36,HUF UA /OV TTH/TM 1115/FL080/TP SH36/WX IMC RA/TA 7/TB LGT-MDT,LGT-MDT,,8000.0,39.49,-87.25,2018-02-21 11:15:00+00:00,1.0,0,M
F,A321,DMN UA /OV DMN/TM 1622/FL320/TP A321/TB LGT CHOP/RM ZAB,LGT CHOP,,32000.0,32.26231,-107.72064,2018-02-13 16:22:00+00:00,1.0,0,M
F,CRJ7,ORD UA /OV PMM270010/TM 1153/FL170/TP CRJ7/TB LGT CHOP,LGT CHOP,,17000.0,42.47,-86.33596687580913,2018-02-16 11:53:00+00:00,1.0,0,M
F,CRJ7,KASE UA /OV ASE/TM 0020/FL160/TP CRJ7/TB NEG/IC NEG,NEG,,16000.0,39.22317,-106.86886,2018-02-13 00:20:00+00:00,0.0,0,M
T,B350,PUB UUA /OV PUB245050/TM 1715/FL270/TP B350/TB SEV/RM ZDV,SEV,,27000.0,37.93778958845489,-105.46065966220266,2018-02-18 17:15:00+00:00,5.0,0,M
T,C17,MDY UUA /OV 28N 180W/TM 1318/FL390/TP C17/SK TOP385/TB SEV/RM ZOA CWSU,SEV,,39000.0,28.2,-177.38,2018-02-19 13:18:00+00:00,5.0,0,L
F,B38M,ABQ UA /OV FTI090045/TM 1739/FL370/TP B38M/TB CONS MOD/RM ZAB,CONS MOD,,37000.0,35.66,-104.2168377609318,2018-02-25 17:39:00+00:00,3.0,0,U
F,E145,ALO UA /OV ALO/TM 1250/FL330/TP E145/TB CONS LGT CHOP,CONS LGT CHOP,,33000.0,42.554365,-92.401293,2018-02-15 12:50:00+00:00,1.0,0,M
F,B77W,MCG UA /OV MCG092049/TM 0006/FL340/TP B77W/WV 286096/TB LGT TO MOD,LGT TO MOD,,34000.0,62.921496435755614,-153.8051606389127,2018-02-21 00:06:00+00:00,2.0,0,U
F,MD88,ATL UA /OV 15 NW ATL/TM 1915/FL120/TP MD88/TB MOD,MOD,,12000.0,33.773505724022215,-84.68777300043041,2018-02-17 19:15:00+00:00,3.0,0,M
T,B763,EKN UUA /OV HVQ/TM 2300/FL320/TP B763/SK SKC/TB SEV/RM NO DAMAGES TO AC  MULTIPLE CREW INJURED. ZTLFD,SEV,,32000.0,38.35,-81.77,2018-02-15 23:00:00+00:00,5.0,0,H
F,E75,BYI UA /OV BYI160020/TM 1511/FL310/TP E75/TB CONT LGT-OCNL MOD/RM ZLC,CONT LGT-OCNL MOD,,31000.0,42.22934375467857,-113.61678993912068,2018-02-15 15:11:00+00:00,2.0,0,U
F,B737,GRR UA /OV VIO149030/TM 1457/FL340/TP B737/TB MOD,MOD,,34000.0,42.88,-85.52,2018-02-12 14:57:00+00:00,3.0,0,M
F,B737,ROW UA /OV CNX090040/TM 1757/FL280/TP B737/TB LT-MOD CHOP/RM ZAB FDCS,LT-MOD CHOP,,28000.0,34.37,-104.872254380302,2018-02-03 17:57:00+00:00,3.0,0,M
F,CRJ7,DKB UA /OV PLL110020/TM 2146/FL250/TP CRJ7/TB MOD CHOP,MOD CHOP,,25000.0,41.855984051005,-89.09867072165792,2018-02-11 21:46:00+00:00,3.0,0,M
F,B738,SDF UA /OV EWO/TM 0025/FL350/TP B738/TB LGT CHOP,LGT CHOP,,35000.0,37.63,-85.68,2018-02-16 00:25:00+00:00,1.0,0,M
F,UNKN,CCR UA /OV CCR /TM 1503 /FL160 /TP UNKN /TA M05 /WV 31039KT /TB NEG /RM SMOOTH,NEG,,16000.0,37.99160631,-122.05263065,2018-02-18 15:03:00+00:00,0.0,0,U
F,F2H,KBID UA /OV SEY180018/TM 1739/FL260/TP F2H/TB MOD CAT/RM CONT,MOD CAT,,26000.0,40.8699756999757,-71.58,2018-02-06 17:39:00+00:00,3.0,0,U
T,PA46,EDW UUA /OV EDW330030/TM 2300/FL095/TP PA46/TB SEV/RM MOD-SEV OWENS VALLEY,SEV,,9500.0,35.33846777595615,-118.18860640198956,2018-02-24 23:00:00+00:00,5.0,0,L
F,A321,PIT UA /OV ACO-JST/TM 0044/FL320/TP A321/TB MOD CHOP,MOD CHOP,,32000.0,40.713055,-80.01697,2018-02-08 00:44:00+00:00,3.0,0,M
F,A320,IND UA /OV SHB050015/TM 1307/FL360/TP A320/TB MOD CHOP,MOD CHOP,,36000.0,39.79070991888375,-85.5713220588802,2018-02-17 13:07:00+00:00,3.0,0,M
F,CRJ9,UES UA /OV BAE/TM 0021/FL275/TP CRJ9/TB MOD 275-295,MOD 275-295,,27500.0,43.12,-88.28,2018-02-20 00:21:00+00:00,3.0,0,U
T,B757,WMC UUA /OV BAM329012/TM 1822/FL320/TP B757/TB CONT MOD - SEV/RM ZLC,CONT MOD - SEV,,32000.0,40.770447346264575,-117.0099753726976,2018-02-16 18:22:00+00:00,4.0,0,M
T,A333,ORF UUA /OV 31N040W/TM 1845/FL400/TP A333/TB SEV,SEV,,40000.0,31.0,-40.0,2018-02-18 18:45:00+00:00,5.0,0,H
T,C560,JAC UUA /OV JAC/TM 1410/FL100/TP C560/TB SEV 100-110 DURC/ZLC,SEV 100-110 DURC,,10000.0,43.61281,-110.73699,2018-02-07 14:10:00+00:00,5.0,0,M
T,EXP,KAVL UUA /OV SUG090005/TM 1453/FL050/TP EXP/TB SEV,SEV,,5000.0,35.41,-82.16774557641085,2018-02-02 14:53:00+00:00,5.0,0,L
F,B739,JNU UA /OV JNU /TM 0657 /FL010 /TP B739 /TB LGT BLO 010 /RM DURDRWY 8,LGT BLO 010,,1000.0,58.35,-134.57,2018-02-23 06:57:00+00:00,1.0,0,M
T,LJ55,DEN UUA /OV DEN230045/TM 2305/FL140/TP LJ55/TB SEV ZDV/FD,SEV ZDV,,14000.0,39.35067024334876,-105.4057317788925,2018-02-24 23:05:00+00:00,5.0,0,M
F,MD88,VIH UA /OV VIH/TM 1254/FL310/TP MD88/TB LGT CHOP/RM ZKC,LGT CHOP,,31000.0,38.13,-91.77,2018-02-12 12:54:00+00:00,1.0,0,M
F,B737,SEA UA /OV SEA060050/TM 0213/FL190/TP B737/TB MOD/RM DURD190-140 ..ZSE,MOD,,19000.0,47.86139041670042,-121.24717412926148,2018-02-01 02:13:00+00:00,3.0,0,M
T,A321,DEN UUA /OV FQF284039/TM 0927/FL310/TP A321/TB SEV/RM STARTED 25 WAVE.../ZDV/FD,SEV,,31000.0,39.84726196934032,-105.43966766446304,2018-02-17 09:27:00+00:00,5.0,0,M
T,CRJ9,ACT UUA /OV JEN120021/TM 1949/FL170/TP CRJ9/TB SEV-EXTRM 130-170,SEV-EXTRM 130-170,,17000.0,31.98498582498582,-97.52192536763016,2018-02-24 19:49:00+00:00,6.0,0,U
F,E75L,DHT UA /OV DHT200020/TM 2342/FL380/TP E75L/TB MOD CHOP/RM ZAB FDCS,MOD CHOP,,38000.0,35.70933375467857,-102.6882518563616,2018-02-13 23:42:00+00:00,3.0,0,U
F,P28A,TIX UA /OV KTIX /TM 0029 /FL017 /TP P28A /TB NEG BLO 017 /RM DURC,NEG BLO 017,,1700.0,28.5148,-80.79923,2018-02-17 00:29:00+00:00,0.0,0,L
F,CRJ9,ATL UA /OV ATL/TM 1855/FL360/TP CRJ9/TB LGT-MOD/RM ZTLFD,LGT-MOD,,36000.0,33.6301,-84.4418,2018-02-24 18:55:00+00:00,2.0,0,U
F,B757,LOZ UA /OV LVT180040/TM 0255/FL400/TP B757/TB MOD,MOD,,40000.0,35.913279333279334,-85.17,2018-02-02 02:55:00+00:00,3.0,0,M
F,TEX2,MRC UA /OV BNA225050 /TM 1924 /FL270 /TP TEX2 /SK SKC /WV 26087KT /TB NEG,NEG,,27000.0,35.52958661925575,-87.4186904266685,2018-02-26 19:24:00+00:00,0.0,0,L
F,BE99,LSB UA /OV SSO/TM 2137/FL160/TP BE99/TB MOD/LGT MTN WAVE/RM ZAB/FDCS,MOD,,16000.0,32.27,-109.26,2018-02-12 21:37:00+00:00,3.0,0,L
F,A320,HUF UA /OV SHB/TM 1740/FL280/TP A320/TB MOD CHOP 260-290,MOD CHOP 260-290,,28000.0,39.63,-85.82,2018-02-28 17:40:00+00:00,3.0,0,M
T,PA44,FFZ UUA /OV FFZ180019/TM 1935/FL100/TP PA44/TB SEV 020-100/RM DURD,SEV 020-100,,10000.0,33.14413768330768,-111.72833,2018-02-20 19:35:00+00:00,5.0,0,L
T,E300,VOK UUA /OV VOK090010 /TM 2034 /FL055 /TP E300 /WV 21366KT /TB SEV BLO 035 /RM NEG TURB 035,SEV BLO 035,,5500.0,43.93924,-90.02168421959674,2018-02-18 20:34:00+00:00,5.0,0,L
T,PA30,CNM UUA /OV 15 SW CNM/TM 1906/FL115/TP PA30/TB SEV CAT/RM ZAB,SEV CAT,,11500.0,32.16067898577673,-104.47252187664805,2018-02-25 19:06:00+00:00,5.0,0,L
F,C208,ENA UA /OV ANC-ENA /TM 1545 /FL040 /TP C208 /TB NEG /RM FOGSTARTING TO FORM NEAR ENA,NEG,,4000.0,60.870000000000005,-150.615,2018-02-09 15:45:00+00:00,0.0,0,L
F,E715,FST UA /OV FST090020/TM 1940/FL250/TP E715/TB MOD/RM ZAB/FDCS,MOD,,25000.0,30.91194,-102.52811906365623,2018-02-07 19:40:00+00:00,3.0,0,U
T,PA46,BNA UUA /OV BNA 129044/TM 1612/FL120/TP PA46/TB SEV/RM LASTED 10-15 SEC/ZME,SEV,,12000.0,35.657350998228175,-85.98360387582522,2018-02-17 16:12:00+00:00,5.0,0,L
T,C56X,FNL UUA /OV DEN330040 /TM 2010 /FL140 /TP C56X /TB SEV,SEV,,14000.0,40.4101970346082,-105.09160987478948,2018-02-17 20:10:00+00:00,5.0,0,M
F,CRJ9,EKN UA /OV EKN270020/TM 2044/FL340/TP CRJ9/TB LGT/RM CONT LIGHT TURB,LGT,,34000.0,38.88528,-80.2810410813508,2018-02-25 20:44:00+00:00,1.0,0,U
F,H25B,BFF UA /OV BFF330024/TM 0037/FL370/TP H25B/TB MOD MTN WAVE +/- 100FT/RM ZDV/FD,MOD MTN WAVE +,,37000.0,42.220468220764914,-103.86425723466894,2018-02-20 00:37:00+00:00,3.0,0,M
F,A320,C75 UA /OV BDF/TM 1505/FL210/TP A320/TB MOD CHOP,MOD CHOP,,21000.0,41.16,-89.59,2018-02-06 15:05:00+00:00,3.0,0,M
T,RV8,SMF UUA /OV ILA260010/TM 1809/FL095/TP RV8/TB SEV/RM ZOA CWSU,SEV,,9500.0,39.04105629280277,-122.24142823851668,2018-02-18 18:09:00+00:00,5.0,0,L
F,A320,OTM UA /OV OTM220020/TM 1718/FL250/TP A320/TB MOD CHOP/RM ZKCFD,MOD CHOP,,25000.0,40.84542416907303,-92.7289509288694,2018-02-21 17:18:00+00:00,3.0,0,M
F,PC12,ELY UA /OV 15 S ELY/TM 2022/FL270/TP PC12/TB SEV TURB/RM ZLC,SEV TURB,,27000.0,39.04497974997975,-114.84528,2018-02-16 20:22:00+00:00,5.0,0,L
F,P28A,MLB UA /OV MLB360004 /TM 0052 /FL028 /TP P28A /SK SKC /TB NEG /RM DURC,NEG,,2800.0,28.169422066672062,-80.64526,2018-02-02 00:52:00+00:00,0.0,0,L
T,C525,BKF UUA /OV DEN330020-DEN270010 /TM 1940 /FL130 /TP C525 /TB SEV 130-090 /RM DURD,SEV 130-090,,13000.0,40.1214985173041,-104.87455493739472,2018-02-18 19:40:00+00:00,5.0,0,L
F,DC10,TXK UA /OV TXK054044/TM 2258/FL340/TP DC10/TB MOD/RM MOD TURB BTW FL330-FL340,MOD,,34000.0,33.88479743282671,-93.27988907240052,2018-02-24 22:58:00+00:00,3.0,0,H
F,A330,UUA /OV 4830N05200W /TM 2050 /FL360 /TP A330 /TB MDT-SEV,MDT-SEV,,36000.0,48.5,-52.0,2018-02-07 20:50:00+00:00,5.0,0,L
F,M20P,SUA UA /OV KFPR180015 /TM 1910 /FL050 /TP M20P /SK SKC /WX FV06SM HZ /TB NEG /RM DURC,NEG,,5000.0,27.24803974997975,-80.37667,2018-02-12 19:10:00+00:00,0.0,0,L
T,BE9,MMH UUA /OV MMH/TM 0100/FL170/TP BE9/TB SEV 140-170/RM ZOA CWSU,SEV 140-170,,17000.0,37.62406,-118.83875,2018-02-12 01:00:00+00:00,5.0,0,L
T,GLF5,LBE UUA /OV IHD360010/TM 2250/FL430/TP GLF5/TB SEV TURB/RM NO INJURIES OR DAMAGE,SEV TURB,,43000.0,40.136680166680165,-79.36,2018-02-15 22:50:00+00:00,5.0,0,M
F,A319,KRTN UA /OV CIM/TM 1508/FL360/TP A319/TB NEG/RM SMOOTH,NEG,,36000.0,36.49,-104.87,2018-02-04 15:08:00+00:00,0.0,0,M
T,E75L,MEM UUA /OV MEM330080/TM 0008/FL350/TP E75L/TB SEV/RM NO INJURIES -ZME,SEV,,35000.0,36.21590406921639,-90.7995244147242,2018-02-25 00:08:00+00:00,5.0,1,U
T,A320,DEN UUA /OV DEN225060/TM 0015/FL240/TP A320/TB SEV TB,SEV TB,,24000.0,39.1256359431069,-105.57838610873104,2018-02-20 00:15:00+00:00,5.0,0,M
T,PA27,KAVL UUA /OV AVL230015/TM 1642/FL075/TP PA27/TB MDT-SEV,MDT-SEV,,7500.0,35.27123008111625,-82.77255830640837,2018-02-02 16:42:00+00:00,5.0,0,L
T,C182,SJC UUA /OV SJC360010/TM 1750/FL035/TP C182/TB SEV,SEV,,3500.0,37.52608016668017,-121.92442,2018-02-06 17:50:00+00:00,5.0,0,L
T,C25B,4BM UUA /OV DEN225045 /TM 0032 /FL150 /TP C25B /TB SEV 140-150,SEV 140-150,,15000.0,39.30242695733018,-105.34816458154828,2018-02-04 00:32:00+00:00,5.0,0,U
T,C340,BUR UUA /OV LHS18008/TM 2230/FL100/TP C340/TB SEV,SEV,,10000.0,34.68,-118.58,2018-02-23 22:30:00+00:00,5.0,0,L
T,C210,BIH UUA /OV BIH310020/TM 2243/FL180/TP C210/TB SEV/RM +1500FPM UDDFT. ZOA CWSU,SEV,,18000.0,37.58738989184499,-118.68495008296998,2018-02-18 22:43:00+00:00,5.0,0,L
F,SW4,PKD UA /OV PKD333021/TM 2112/FL190/TP SW4/WX HZ/TA M22/TB NEG/IC NEG,NEG,,19000.0,47.21187754352615,-95.30257082544868,2018-02-16 21:12:00+00:00,0.0,0,M
F,B737,DEN UA /OV 30 NW DEN/TM 1859/FL155/TP B737/TB MOD/RM DURGD 155-145,MOD,,15500.0,40.11961144804442,-105.19090298706976,2018-02-26 18:59:00+00:00,3.0,0,M
F,CL30,RTN UA /OV CIM310030/TM 2218/FL450/TP CL30/TB MOD MTN WAVE +/-20KTS +/-400FT/RM ZAB,MOD MTN WAVE +,,45000.0,36.811419837767495,-105.3464576966118,2018-02-10 22:18:00+00:00,3.0,0,U
T,C510,DEN UUA /OV DEN300040/TM 1720/FL140/TP C510/TB SEV/RM 140-120,SEV,,14000.0,40.16616033336033,-105.40940035920272,2018-02-16 17:20:00+00:00,5.0,0,U
T,SR22,BJC UUA /OV 5 MI W/TM 0210/FL100/TP SR22/TB SEV/RM SEV TB AT 10 000' MSL,SEV,,10000.0,39.90881,-105.11719,2018-02-09 02:10:00+00:00,5.0,0,L
F,C25B,IGM UA /OV IGM330020 /TM 2033 /FL220 /TP C25B /TB MOD CHOP/RM AWC-WEB,MOD CHOP,,22000.0,35.5463985173041,-114.13712382830188,2018-02-27 20:33:00+00:00,3.0,0,U
F,B737,TAD UA /OV TBE195034 /TM 0535 /FL320 /TP B737 /TB OCNL LGT CHOP /RM //STL-LAX AWC-WEB:,OCNL LGT CHOP,,32000.0,36.72259769572977,-103.78431480981544,2018-02-08 05:35:00+00:00,1.0,0,M
F,PC12,BZN UA /OV BZN200020/TM 0640/FL150/TP PC12/TB MOD/IC MOD RIME/RM 150-130 DURD ZLC,MOD,,15000.0,45.47480375467857,-111.32433721406596,2018-02-09 06:40:00+00:00,3.0,0,L
T,A319,DEN UUA /OV DEN279054/TM 1919/FL260/TP A319/TB SEV/RM MOD TURB FL250 AND BELOW....ZDV,SEV,,26000.0,39.97360242262011,-105.8151662070403,2018-02-24 19:19:00+00:00,5.0,0,M
T,C25B,GSO UUA /OV GSO360010/TM 2008/FL170/TP C25B/TB SEV,SEV,,17000.0,36.26418016668016,-79.94361,2018-02-07 20:08:00+00:00,5.0,0,U
F,PA31,KBGM UA /OV BGM090003/TM 1647/FL040/TP PA31/SK OVC040/WX -RA/TB LGT CHOP,LGT CHOP,,4000.0,42.20856,-75.91221120527862,2018-02-19 16:47:00+00:00,1.0,0,L
F,B777,UUA /OV 4453N05148W /TM 0530 /FL360 /TP B777 /TB SEV /RM F360 - F370,SEV,,36000.0,44.8833,-51.8,2018-02-26 05:30:00+00:00,5.0,0,H
T,E145,IER UUA /OV SWB090015/TM 2104/FL340/TP E145/TB MOD-SEV CAT,MOD-SEV CAT,,34000.0,31.97,-92.3852779077867,2018-02-27 21:04:00+00:00,4.0,0,M
F,A320,TUS UA /OV SSO/TM 1716/FL350/TP A320/TB MOD/RM ZAB/FDCS,MOD,,35000.0,32.27,-109.26,2018-02-20 17:16:00+00:00,3.0,0,M
F,B767,BUF UA /OV BUF315025/TM 1449/FL190/TP B767/TB MOD/RM ZOB/PT,MOD,,19000.0,43.23545169037213,-79.13829775315992,2018-02-01 14:49:00+00:00,3.0,0,H
T,C172,MLU UUA /OV MLU120020/TM 2317/FL030/TP C172/TB SEV 030,SEV 030,,3000.0,32.344179833319835,-91.69534198464676,2018-02-01 23:17:00+00:00,5.0,0,L
F,LJ60,IRK UA /OV IRK/TM 1539/FL250/TP LJ60/TB MOD CAT 250-230/RM ZK C/FDC/DI,MOD CAT 250-230,,25000.0,40.09722,-92.54333,2018-02-28 15:39:00+00:00,3.0,0,M
F,A319,ELP UA /OV EWM/TM 1617/FL350/TP A319/TB NEG/RM ZAB,NEG,,35000.0,31.95,-106.27,2018-02-13 16:17:00+00:00,0.0,0,M
T,P28A,UKF UUA /OV BZM030030/TM 1847/FL080/TP P28A/TB SEV/RM NO DMG OR INJS RPTD/ZTLFD,SEV,,8000.0,36.30304777595615,-80.93146579083744,2018-02-16 18:47:00+00:00,5.0,0,L
F,B738,FSD UA /OV FSD360025/TM 1427/FL360/TP B738/TB CONT LGT OCNL MOD CHOP,CONT LGT OCNL MOD CHOP,,36000.0,43.993640416700416,-96.75361,2018-02-05 14:27:00+00:00,2.0,0,M
F,B737,ROC UA /OV GEE254022 /TM 1407 /FL380 /TP B737 /WV 253104KT /TB NEG/RM AWC-WEB,NEG,,38000.0,42.72892478309611,-78.2106431191617,2018-02-01 14:07:00+00:00,0.0,0,M
T,B737,TXK UUA /OV TXK270020/TM 2103/FL330/TP B737/TB SEV,SEV,,33000.0,33.45372,-94.39058387640692,2018-02-27 21:03:00+00:00,5.0,0,M
T,PC12,DEN UUA /OV DBL180030/TM 2303/FL230/TP PC12/TB SEV/RM ZDV,SEV,,23000.0,38.9399594999595,-106.9,2018-02-23 23:03:00+00:00,5.0,0,L
F,PA32,UUA /OV CYSB /TM 1841 /FL065 /TP PA32 /TB MDT-SEV BLO 050 /RM ENRT CYSB-CYEL,MDT-SEV BLO 050,,6500.0,46.62611,-80.80158,2018-02-16 18:41:00+00:00,5.0,0,L
F,B737,CMA UA /OV FIM305010/TM 1540/FL110/TP B737/TB LGT CHOP/RM COR SA-ID AND LOCTN. ZLA CWSU,LGT CHOP,,11000.0,34.45560381601481,-119.04539687783776,2018-02-13 15:40:00+00:00,1.0,0,M
T,GLF4,ILM UUA /OV ILM190030/TM 1255/FL400/TP GLF4/TB SEV/RM NO INJURIES OR DAMAGES,SEV,,40000.0,33.77755623874002,-78.00507240027564,2018-02-28 12:55:00+00:00,5.0,0,M
T,BE20,CXP UUA /OV CXP360001/TM 1845/FL105/TP BE20/TB SEV/RM LLWS +30 KTS. DOWNDRAFT OF 012,SEV,,10500.0,39.20896801666802,-119.7326,2018-02-11 18:45:00+00:00,5.0,0,M
T,CRJ2,CVG UUA /OV CVG245030/TM 2240/FL280/TP CRJ2/TB SEV,SEV,,28000.0,38.83173375307293,-85.25517261362673,2018-02-07 22:40:00+00:00,5.0,0,M
T,B772,ORF UUA /OV 3556N 06151W/TM 0623/FL350 /TP B772/TB SEV,SEV,,35000.0,35.9333,-61.85,2018-02-05 06:23:00+00:00,5.0,0,H
F,C210,SNS UA /OV HWD-SNS /TM 0329 /FL115 /TP C210 /WV 02270KT /TB MOD /RM DURC,MOD,,11500.0,37.16115762,-121.86521882,2018-02-11 03:29:00+00:00,3.0,0,L
F,B77W,UUA /OV 4813N06909W /TM 1953 /FL310 /TP B77W /TB SEV,SEV,,31000.0,48.2166,-69.15,2018-02-25 19:53:00+00:00,5.0,0,U
F,B737,RIU UA /OV HYP355012/TM 1803/FL260/TP B737/TB LGT CHOP/RM 260-190 DURD,LGT CHOP,,26000.0,37.4192550779886,-120.42189143334996,2018-02-16 18:03:00+00:00,1.0,0,M
T,A319,ASE UUA /OV DBL080050/TM 2030/FL370/TP A319/TB SEV MTW/RM +/- 200 FT AND 30 KTS ZDV,SEV MTW,,37000.0,39.58471853598616,-105.8372653717182,2018-02-03 20:30:00+00:00,5.0,0,M
F,EC35,LIH UA /OV LIH135008 /TM 1111 /FL050 /TP EC35 /TB LGT-OCNL MOD /RM IMC,LGT-OCNL MOD,,5000.0,21.87571145908092,-159.22832802731003,2018-02-25 11:11:00+00:00,2.0,0,L
F,C172,ESN UA /OV ESN090015 /TM 2042 /FL030 /TP C172 /TB MOD CHOP,MOD CHOP,,3000.0,38.8041667,-75.7481701654532,2018-02-16 20:42:00+00:00,3.0,0,L
F,A320,IRK UA /OV IRK065021/TM 1149/FL230/TP A320/TB NEG/RM /ZKC FDC/AF,NEG,,23000.0,40.24514837284895,-92.12862012472584,2018-02-17 11:49:00+00:00,0.0,0,M
F,C152,S33 UA /OV DSD348030 /TM 0005 /FL075 /TP C152 /SK SKC /TA M05 /TB NEG,NEG,,7500.0,44.739113415384345,-121.44514028168584,2018-02-14 00:05:00+00:00,0.0,0,L
T,B738,DEN UUA /OV DEN250048/TM 0332/FL270/TP B738/TB SEV/RM FL270-290 ZDV,SEV,,27000.0,39.559161722412014,-105.63653163027992,2018-02-20 03:32:00+00:00,5.0,0,M
F,C182,GIF UA /OV ZPH090015 /TM 1921 /FL035 /TP C182 /SK BKN041 /TA 18 /TB NEG,NEG,,3500.0,28.2281357,-81.8721565336915,2018-02-24 19:21:00+00:00,0.0,0,L
T,CRJ7,DEN UUA /OV DEN230035/TM 2054/FL130/TP CRJ7/TB SEV TURB 160-140,SEV TURB 160-140,,13000.0,39.45781018927126,-105.23945805024972,2018-02-18 20:54:00+00:00,5.0,0,M
T,BE20,CXP UUA /OV CXP360001/TM 1845/FL105/TP BE20/TB SEV/RM LLWS +30 KTS. DOWNDRAFT OF 012.,SEV,,10500.0,39.20896801666802,-119.7326,2018-02-11 18:45:00+00:00,5.0,0,M
T,C56X,APA UUA /OV APA210020 /TM 2015 /FL145 /TP C56X /TB SEV,SEV,,14500.0,39.2813014826959,-105.06622992646784,2018-02-18 20:15:00+00:00,5.0,0,M
T,F2TH,ALS UUA /OV PUB260030/TM 1820/FL430/TP F2TH/TB SEV MTW/RM ZAB,SEV MTW,,43000.0,38.20316887840831,-105.12573918207676,2018-02-18 18:20:00+00:00,5.0,0,M
T,E545,BDR UUA /OV CMK/TM 1310/FL190/TP E545/TB SEV-EXTREME,SEV-EXTREME,,19000.0,41.28,-73.58,2018-02-02 13:10:00+00:00,5.0,0,U
F,C421,MDS UA /OV MDS/TM 2145/FL090/TP C421/WX VMC/TA M12/TB NEG/IC NEG,NEG,,9000.0,44.0159722,-97.0859333,2018-02-01 21:45:00+00:00,0.0,0,L
T,C560,BIH UUA /OV BIH270015/TM 2309/FL160/TP C560/TB SEV 140-160/RM DURD. ZOA CWSU,SEV 140-160,,16000.0,37.37311,-118.67821976499772,2018-02-11 23:09:00+00:00,5.0,0,M
F,B737,OAK UA /OV OAK090015/TM 2117/FL045/TP B737/TB LGT CHOP/RM DURD,LGT CHOP,,4500.0,37.72128,-121.90463731656118,2018-02-26 21:17:00+00:00,1.0,0,M
F,BE95,CLT UA /OV HBI/TM 2100/FL065/TP BE95/TB SEV,SEV,,6500.0,35.65453,-79.89475,2018-02-02 21:00:00+00:00,5.0,0,L
T,C525,VNY UUA /OV FIM045010 /TM 2001 /FL120 /TP C525 /TB SEV,SEV,,12000.0,34.47786067614885,-118.7372264395584,2018-02-19 20:01:00+00:00,5.0,0,L
F,B788,UUA /OV 4322N06219W /TM 1945 /FL390 /TP B788 /TB SEV,SEV,,39000.0,43.3666,-62.3166,2018-02-07 19:45:00+00:00,5.0,0,U
F,B737,IGM UA /OV PGS269027 /TM 0501 /FL170 /TP B737 /TB MOD /RM ZLAWC AWC-WEB,MOD,,17000.0,35.61214578096237,-114.0935358400246,2018-02-13 05:01:00+00:00,3.0,0,M
F,B737,TPH UA /OV OAL200009/TM 2046/FL330/TP B737/TB LGT CHOP/RM ZOA CWSU,LGT CHOP,,33000.0,37.85903468960535,-117.83510974223752,2018-02-17 20:46:00+00:00,1.0,0,M
T,B777,PHNL UUA /OV 2200N 17000W - 2155N 16245W/TM 1929/FL390/TP B777/TB SEV/RM ZOA CWSU,SEV,,39000.0,22.0,-170.0,2018-02-28 19:29:00+00:00,5.0,0,H
F,B739,LOL UA /OV SDO056023/TM 1640/FL360/TP B739/TB MOD/RM ZLC,MOD,,36000.0,41.6243746426208,-117.60623289804344,2018-02-16 16:40:00+00:00,3.0,0,M
F,A320,HUF UA /OV FFT355025/TM 2356/FL370/TP A320/TB MOD CHOP,MOD CHOP,,37000.0,38.59983474580957,-84.94953461538685,2018-02-22 23:56:00+00:00,3.0,0,M
F,SR22,CBM UA /OV ABY-AWM135125 /TM 1746 /FL060 /TP SR22 /TB NEG /RM VFR ON TOP,NEG,,6000.0,33.64383,-88.44383,2018-02-19 17:46:00+00:00,0.0,0,L
F,LJ35,MCG UA /OV MCG113042/TM 1711/FL370/TP LJ35/TB OCN LGT/RM ZAN,OCN LGT,,37000.0,62.67646605558037,-154.18300107993105,2018-02-03 17:11:00+00:00,1.0,0,M
T,C525,VRB UUA /OV TRV180005/TM 1710/FL070/TP C525/TB SEV 070-050/RM DURD,SEV 070-050,,7000.0,27.59665991665992,-80.49,2018-02-26 17:10:00+00:00,5.0,0,L
T,B77L,PASY UUA /OV SYA039071/TM 1845/FL380/TP B77L/TB SEV/RM FL360 SMOOTH. ZAN,SEV,,38000.0,53.62969721057231,175.33927566866956,2018-02-27 18:45:00+00:00,5.0,0,U
F,B739,GCN UA /OV KGCN /TM 1600 /FL340 /TP B739 /TB NEG/RM AWC-WEB:,NEG,,34000.0,35.94611,-112.15472,2018-02-18 16:00:00+00:00,0.0,0,M
F,B737,CAK UA /OV BSV/TM 1033/FL230/TP B737/TB LGT-MOD CHOP FL230-270,LGT-MOD CHOP FL230-270,,23000.0,40.74,-81.43,2018-02-07 10:33:00+00:00,2.0,0,M
F,BE9L,DEN UA /OV 30 NW DEN/TM 1635/FL150/TP BE9L/TB LGT-MOD/RM 150-110 DURD,LGT-MOD,,15000.0,40.11961144804442,-105.19090298706976,2018-02-27 16:35:00+00:00,2.0,0,L
F,B738,EVV UA /OV OWB100015/TM 1845/FL390/TP B738/TB MOD CHOP,MOD CHOP,,39000.0,37.69541443920415,-86.8554755416176,2018-02-04 18:45:00+00:00,3.0,0,M
F,B737,PGA UA /OV TBC180010 /TM 2025 /FL390 /TP B737 /WV 274040KT /TB CONT LGT CHOP/RM AWC-WEB,CONT LGT CHOP,,39000.0,35.95331983331983,-111.27,2018-02-11 20:25:00+00:00,1.0,0,M
F,E75L,DAY UA /OV RID180015/TM 0036/FL360/TP E75L/TB LGT - MOD,LGT - MOD,,36000.0,39.50717974997975,-84.8428,2018-02-17 00:36:00+00:00,2.0,0,U
F,B737,AUS UA /OV 35 NE/TM 1340/FL140/TP B737/TB MOD/RM DURD 140-105,MOD,,14000.0,30.1945278,-97.6698889,2018-02-25 13:40:00+00:00,3.0,1,M
F,B737,BWI UA /OV 30 NE/TM 2105/FL100/TP B737/TB LT OCNL MOD 100-120,LT OCNL MOD 100-120,,10000.0,39.17536,-76.66833,2018-02-07 21:05:00+00:00,3.0,0,M
T,EA50,CSV UUA /OV HCH120027/TM 2009/FL130/TP EA50/TB SEV 130-090/RM DURD NO DAMAGE OR INJURIES/ ZTLFD,SEV 130-090,,13000.0,35.554981774981776,-84.49958783240086,2018-02-25 20:09:00+00:00,5.0,0,U
T,H,BFF UUA /OV BFF240027/TM 0106/FL320/TP H/B777/TB SEV/RM 25KT WIND SHEAR....ZDV,SEV,,32000.0,41.64901177498177,-104.11905603551467,2018-02-20 01:06:00+00:00,5.0,0,L
F,E145,EWR UA /OV 2 S OF EWR/TM 2040/FL008/TP E145/TB SEV SFC/035,SEV SFC,,800.0,40.64938396666397,-74.16932,2018-02-07 20:40:00+00:00,5.0,0,M
F,BE19,PSC UA /OV PSC360010 /TM 2134 /FL045 /TP BE19 /WX FV10SM /TA M03 /TB NEG,NEG,,4500.0,46.43137016668017,-119.11903,2018-02-15 21:34:00+00:00,0.0,0,L
F,B788,UUA /OV CYVO 135074 /TM 0822 /FL340 /TP B788 /TB MDT-SEV,MDT-SEV,,34000.0,47.184230996498506,-76.48183670447331,2018-02-25 08:22:00+00:00,5.0,0,U
F,TF19,LHD UA /OV LHD /TM 2100 /FL012 /TP TF19 /TB LGT CHOP,LGT CHOP,,1200.0,61.18,-149.96,2018-02-01 21:00:00+00:00,1.0,0,L
F,A321,AMA UA /OV AMA235035/TM 1418/FL350/TP A321/TB NEG/RM ZAB,NEG,,35000.0,34.88474664394817,-102.29087299840192,2018-02-18 14:18:00+00:00,0.0,0,M
T,LJ45,EXX UUA /OV GSO200015/TM 1959/FL160/TP LJ45/TB SEV 160-180/RM NO DMG OR INJS RPTD DURC/ZTLFD,SEV 160-180,,16000.0,35.86255781600892,-80.049439593671,2018-02-16 19:59:00+00:00,5.0,0,M
F,C172,RVS UA /OV RVS19005/TM 0055/FL022/TP C172/TB SEV,SEV,,2200.0,36.03961,-95.98464,2018-02-10 00:55:00+00:00,5.0,0,L
T,C680,IND UUA /OV ARG360040/TM 2150/FL180/TP C680/TB SEV 180-200/RM IN DESCENT,SEV 180-200,,18000.0,36.791390666720666,-90.92511,2018-02-01 21:50:00+00:00,5.0,0,U
F,C180,GKN UA /OV PXK184027 /TM 2301 /FL098 /TP C180 /SK SKC /WX FV99SM /TB NEG /RM CLR,NEG,,9800.0,62.57105981613709,-145.5691963360099,2018-02-25 23:01:00+00:00,0.0,0,L
T,DA40,GSO UUA /OV GSO050015/TM 2105/FL045/TP DA40/TB SEV,SEV,,4500.0,36.25820991888374,-79.70657667394818,2018-02-08 21:05:00+00:00,5.0,0,L
T,P46T,KLOU UUA /OV KLOU060005/TM 1525/FL021/TP P46T/SK OVC021/TB SEV/RM TURB IN CLOUDS,SEV,,2100.0,38.26967004167005,-85.57184270664696,2018-02-15 15:25:00+00:00,5.0,0,L
F,B77W,UUA /OV 5129N05351W /TM 0512 /FL370 /TP B77W /TB MDT - SEV,MDT - SEV,,37000.0,51.4833,-53.85,2018-02-26 05:12:00+00:00,5.0,0,U
F,A332,UUA /OV 4308N05714W /TM 1651 /FL350 /TP A332 /TB SEV 370 /RM DESCENDED TO 350 BETTER RIDE,SEV 370,,35000.0,43.1333,-57.2333,2018-02-05 16:51:00+00:00,5.0,1,H
F,C172,DAG UA /OV DAG270005 /TM 1658 /FL050 /TP C172 /TB LGT,LGT,,5000.0,34.85361,-116.88738809802692,2018-02-06 16:58:00+00:00,1.0,0,L
F,C172,SLI UA /OV SLI180010 /TM 2106 /FL030 /TP C172 /SK SKC /TB CONS LGT CHOP /RM SCT025-035 ALG CST AND INLD,CONS LGT CHOP,,3000.0,33.62331983331983,-118.052,2018-02-28 21:06:00+00:00,1.0,0,L
T,E170,MRB UUA /OV MRB/TM 0501/FL190/TP E170/TB SEV,SEV,,19000.0,39.4019,-77.98467,2018-02-16 05:01:00+00:00,5.0,0,U
F,C205,RHV UA /OV SJC061015 /TM 1935 /FL055 /TP C205 /TB CONS LGT,CONS LGT,,5500.0,37.48061222246621,-121.64930637385108,2018-02-15 19:35:00+00:00,1.0,0,L
T,C401,ALS UUA /OV ALS108040/TM 1822/FL180/TP C401/TB SEV MTN WAVE /RM LOST 1000FT ACTUAL ZDV,SEV MTN WAVE,,18000.0,37.23286198348232,-105.0627913893431,2018-02-09 18:22:00+00:00,5.0,0,L
F,B789,ORF UA /OV 32N060W/TM 1950/FL350/TP B789/TB MOD,MOD,,35000.0,32.0,-60.0,2018-02-07 19:50:00+00:00,3.0,0,U
F,B739,CMH UA /OV APE300020/TM 1053/FL390/TP B739/TB LGT-MOD CHOP,LGT-MOD CHOP,,39000.0,40.316680166680165,-82.96770015804721,2018-02-06 10:53:00+00:00,2.0,0,M
F,C208,HNL UA /OV HNL258031/TM 1655/FL080/TP C208/TB MOD,MOD,,8000.0,21.202570258631194,-158.4625097750949,2018-02-05 16:55:00+00:00,3.0,0,L
T,PA27,GSP UUA /OV ODF/TM 1918/FL080/TP PA27/TB SEV CAT/RM REPORTED AS PRETTY SEV TURB AT 080  PLUS OR MINUS 200FT ALT IN TURB NO DAMAGE NO INJURIES/ZTLFD,SEV CAT,,8000.0,34.7,-83.3,2018-02-02 19:18:00+00:00,5.0,0,L
F,SR22,MXO UA /OV DBQ238024 /TM 1820 /FL090 /TP SR22 /SK SKC /WX FV10SM /TA M08 /WV 25425KT /TB NEG /IC NEG /RM AEROVIE : CIRRUS ABOVE,NEG,,9000.0,42.186365124905386,-91.16853136932464,2018-02-21 18:20:00+00:00,0.0,0,L
T,B190,IND UUA /OV MIE/TM 0138/FL200/TP B190/TB SEV,SEV,,20000.0,40.24247,-85.39575,2018-02-16 01:38:00+00:00,5.0,0,M
F,B737,ICT UA /OV ICT/TM 1833/FL380/TP B737/TB LGT-MOD CHOP/RM ZKCFDC/OH,LGT-MOD CHOP,,38000.0,37.65,-97.43,2018-02-19 18:33:00+00:00,2.0,0,M
F,SW4,UUA /OV CYXL 135050 /TM 0209 /FL190 /TP SW4 /TB MDT-SEV,MDT-SEV,,19000.0,49.52458661925575,-90.98630790871944,2018-02-22 02:09:00+00:00,5.0,0,M
F,B738,OMA UA /OV OMA030050/TM 1653/FL400/TP B738/TB CONT LGT CHOP,CONT LGT CHOP,,40000.0,42.032026293260245,-95.34441688822176,2018-02-11 16:53:00+00:00,1.0,0,M
F,B767,LOL UA /OV LLC160035/TM 0003/FL340/TP B767/TB MOD/RM ZOA CWSU,MOD,,34000.0,39.57180157068749,-118.31907568896656,2018-02-25 00:03:00+00:00,3.0,0,H
T,T206,PUB UUA /OV PUB210015/TM 1958/FL160/TP T206/TB SEV MTN WAVE/RM +-3500FPM COULD NOT HOLD ALTITUDE ZDV,SEV MTN WAVE,,16000.0,38.07347611202193,-104.65760199500556,2018-02-18 19:58:00+00:00,5.0,0,U
F,A320,GUP UA /OV GUP250020/TM 1727/FL300/TP A320/TB MOD CHOP/RM ZAB,MOD CHOP,,30000.0,35.397044051005004,-109.17414407096176,2018-02-14 17:27:00+00:00,3.0,0,M
F,B737,SLN UA /OV SLN075040/TM 2229/FL360/TP B737/TB LGT-MOD CHOP/RM ZAB/FDCS,LGT-MOD CHOP,,36000.0,38.96353000631076,-96.82592881503577,2018-02-19 22:29:00+00:00,2.0,0,M
F,C208,AKW UA /OV AKW020010/TM 0010/FL020/TP C208/SK OVC020 /TOP030/TB NEG/IC NEG/RM ZAN,NEG,,2000.0,55.72662812266072,-132.9691721260606,2018-02-08 00:10:00+00:00,0.0,0,L
F,B737,ANW UA /OV ANW230075/TM 0027/FL330/TP B737/TB MOD CHOP/RM ZDV/FD,MOD CHOP,,33000.0,41.77568040558126,-101.293496906365,2018-02-26 00:27:00+00:00,3.0,0,M
F,C172,PSP UA /OV PSP/TM 1600/FL025/TP C172/TB SEV TURB/RM SEV TURB 4 MI NW OF KPSP BTN 1000-3000FT,SEV TURB,,2500.0,33.82967,-116.50669,2018-02-10 16:00:00+00:00,5.0,0,L
F,B737,RTN UA /OV CIM262013/TM 1517/FL340/TP B737/TB MOD TURB/LGT MTN WAVE/RM ZAB/FDCS,MOD TURB,,34000.0,36.45984338563496,-105.13689795937589,2018-02-05 15:17:00+00:00,3.0,0,M
F,GLF4,ALS UA /OV ALS110030/TM 0043/FL450/TP GLF4/TB SEV MTW/RM M.82 DECREASED TO M.75 INCREASED TO ..87 ZDV,SEV MTW,,45000.0,37.26786607650751,-105.2695977075234,2018-02-09 00:43:00+00:00,5.0,0,M
T,E145,MMU UUA /OV BWZ/TM 1211/FL035/TP E145/TB EXTRM/RM DURD SMOOTH BLO,EXTRM,,3500.0,40.8,-74.82,2018-02-24 12:11:00+00:00,7.0,0,M
F,SR22,EDW UA /OV NID320035/TM 0140/FL115/TP SR22/TB SEV,SEV,,11500.0,36.13239545412221,-118.1536786701919,2018-02-25 01:40:00+00:00,5.0,0,L
F,B738,ORL UA /OV ORL220040/TM 2359/FL280/TP B738/TB CONT LGT 280-310/RM DURC,CONT LGT 280-310,,28000.0,28.03472233814605,-81.82080557944191,2018-02-10 23:59:00+00:00,1.0,0,M
T,C550,RNO UUA /OV RNO/TM 0010/FL140/TP C550/TB SEV/RM DURD 020 LOSS IN LESS THAN 10 SECONDS,SEV,,14000.0,39.48389,-119.77111,2018-02-25 00:10:00+00:00,5.0,0,L
T,C182,TAD UUA /OV TBE180010/TM 2147/FL090/TP C182/TB EXTRM TURB/RM ZAB TMU,EXTRM TURB,,9000.0,37.10331983331984,-103.6,2018-02-23 21:47:00+00:00,7.0,0,L
T,E145,ANB UUA /OV LGC180060/TM 0340/FL370/TP E145/TB SEV/RM NO DMG OR INJS RPTD/ZTLFD,SEV,,37000.0,32.008778999918995,-85.07261,2018-02-11 03:40:00+00:00,5.0,0,M
F,CRJ7,DEN UA /OV DEN220040/TM 2256/FL160/TP CRJ7/TB SEV/RM MOD TB 160-130 DURD,SEV,,16000.0,39.32206233814605,-105.2155808975145,2018-02-07 22:56:00+00:00,5.0,0,M
F,A320,MSY UA /OV HRV130041 /TM 0020 /FL340 /TP A320 /TB MOD /RM FM KZHU AWC-WEB,MOD,,34000.0,29.41072622171776,-89.39641746575388,2018-02-26 00:20:00+00:00,3.0,0,M
F,737,CAK UA /OV KCAK /TM 1534 /FL380 /TP 737 /WV 281134KT /TB LGT CHOP /RM LGT CHOP FL340 AWC-WEB:,LGT CHOP,,38000.0,40.9161,-81.4422,2018-02-15 15:34:00+00:00,1.0,0,M
F,B738,FAR UA /OV FAR160020/TM 0231/FL340/TP B738/TB CONT MOD CHOP,CONT MOD CHOP,,34000.0,46.61202375467857,-96.64416411673903,2018-02-13 02:31:00+00:00,3.0,0,M
T,C207,JNU UUA /OV SSR041015 /TM 1705 /FL035 /TP C207 /TB SEV /RM VCY WEST SIDE LONE MOUNTAIN LOSS 300FT,SEV,,3500.0,58.35869267793998,-134.9389878334158,2018-02-03 17:05:00+00:00,5.0,0,L
F,C210,TSP UA /OV SAC-TSP350010 /TM 1805 /FL075 /TP C210 /TB NEG /RM SMOOTH ALL THE WAY 30KT T-WIND COMP,NEG,,7500.0,35.135,-118.43922,2018-02-10 18:05:00+00:00,0.0,0,L
T,GLF4,EGE UUA /OV RLG050030/TM 0050/FL260/TP GLF4/TB SEV/RM ZDV,SEV,,26000.0,40.32141983776749,-105.9399594999595,2018-02-20 00:50:00+00:00,5.0,0,M
F,A320,1H2 UA /OV BIB340025/TM 1541/FL320/TP A320/TB MOD CHOP/RM ZKCFD,MOD CHOP,,32000.0,39.3115703066518,-88.66318195125257,2018-02-07 15:41:00+00:00,3.0,0,M
T,CRJ9,EVV UUA /OV PXV225030/TM 1307/FL305/TP CRJ9/TB SEV 305-330/RM ZME,SEV 305-330,,30500.0,37.57641797155345,-88.20827448211514,2018-02-25 13:07:00+00:00,5.0,0,U
F,H25A,SJN UA /OV SJN /TM 0450 /FL370 /TP H25A /TB LGT,LGT,,37000.0,34.52,-109.38,2018-02-21 04:50:00+00:00,1.0,0,M
F,PA31,FAI UA /OV SVS /TM 0030 /FL075 /TP PA31 /SK BKNUNKN-TOP050 /WX FV99SM /TA M16 /WV 29037KT /TB NEG /IC NEG,NEG,,7500.0,66.01,-149.05,2018-02-24 00:30:00+00:00,0.0,0,L
F,E75,BOI UA /OV BOI150085/TM 2152/FL340/TP E75/TB MOD /ZLC,MOD,,34000.0,42.33970130145759,-115.2628934252389,2018-02-23 21:52:00+00:00,3.0,0,U
F,B738,1H2 UA /OV BIB/TM 0039/FL370/TP B738/TB LGT-MOD CHOP/RM ZKC,LGT-MOD CHOP,,37000.0,38.92,-88.48,2018-02-25 00:39:00+00:00,2.0,0,M
T,PC12,MLS UUA /OV MLS180045/TM 0306/FL190/TP PC12/TB MOD-SEV/RM ZLC,MOD-SEV,,19000.0,45.677909249939255,-105.88625,2018-02-19 03:06:00+00:00,4.0,0,L
F,M20P,DAG UA /OV HEC100030 /TM 1612 /FL065 /TP M20P /TB SEV-EXTRM/RM AWC-WEB:,SEV-EXTRM,,6500.0,34.713168878408304,-115.86029929301216,2018-02-19 16:12:00+00:00,6.0,0,L
T,B737,DEN UUA /OV 45 NW DEN/TM 1924/FL200/TP B737/TB SEV,SEV,,20000.0,40.26301717206664,-105.45760448060464,2018-02-18 19:24:00+00:00,5.0,0,M
F,BE20,ASE UA /OV DBL300004/TM 1711/FL140/TP BE20/TB SEV 150-140,SEV 150-140,,14000.0,39.47333603333603,-106.97476425182548,2018-02-19 17:11:00+00:00,5.0,0,M
F,B738,ABQ UA /OV ABQ010030/TM 1435/FL380/TP B738/TB LGT-MOD CHOP/RM ZAB,LGT-MOD CHOP,,38000.0,35.53434376125998,-106.50944443841752,2018-02-20 14:35:00+00:00,2.0,0,M
T,CL60,MMU UUA /OV STW305015/TM 1841/FL140/TP CL60/TB SEV,SEV,,14000.0,41.143405724022216,-75.14136875466359,2018-02-16 18:41:00+00:00,5.0,0,M
F,B737,BMG UA /OV OOM260070/TM 1243/FL390/TP B737/TB LGT - MOD CHOP,LGT - MOD CHOP,,39000.0,38.937394049619385,-88.09146811229061,2018-02-17 12:43:00+00:00,2.0,0,M
T,DA40,IAD UUA /OV HGR180003/TM 0100/FL020/TP DA40/TB SEV,SEV,,2000.0,39.65777594999595,-77.72972,2018-02-16 01:00:00+00:00,5.0,0,L
F,CRJ7,STL UA /OV STL310050/TM 1806/FL190/TP CRJ7/TB MOD CHOP 140-190/RM ZKCFD,MOD CHOP 140-190,,19000.0,39.28814972961249,-91.19203917348068,2018-02-21 18:06:00+00:00,3.0,0,M
T,BE20,ONM UUA /OV ONM/TM 2322/FL180/TP BE20/TB SEV/RM 180 DESC 120 ZAB,SEV,,18000.0,34.0224722,-106.9031389,2018-02-27 23:22:00+00:00,5.0,0,M
T,B737,KDEN UUA /OV 40NW DEN/TM 1507/FL140/TP B737/TB SEV 150-130/RM +/- 20 KNOTS,SEV 150-130,,14000.0,40.21521526405923,-105.36870398275968,2018-02-18 15:07:00+00:00,5.0,0,M
F,CRJ9,ICT UA /OV ICT/TM 1517/FL340/TP CRJ9/TB LGT-MOD CHOP /RM ZKCFD,LGT-MOD CHOP,,34000.0,37.65,-97.43,2018-02-20 15:17:00+00:00,2.0,1,U
F,B190,UUA /OV 4850N05600W /TM 1200 /FL130 /TP B190 /TB MDT - SEV /RM MDT -SEV F130 - F210,MDT - SEV,,13000.0,48.8333,-56.0,2018-02-03 12:00:00+00:00,5.0,0,M
T,C550,RNO UUA /OV FMG180040/TM 0013/FL140/TP C550/TB SEV/RM ZOA CWSU,SEV,,14000.0,38.86327933327934,-119.66,2018-02-25 00:13:00+00:00,5.0,0,L
T,A330,LIH UUA /OV 2208N 16630W/TM 0200/FL350/TP A330/TB SEV 300-350/RM ZOA CWSU,SEV 300-350,,35000.0,22.1333,-166.5,2018-02-14 02:00:00+00:00,5.0,0,L
F,C550,KEWR UA /OV STW180005/TM 2020/FL160/TP C550/TB SEV 160,SEV 160,,16000.0,40.91665991665992,-74.87,2018-02-16 20:20:00+00:00,5.0,0,L
F,B737,MFR UA /OV OED135020/TM 1910/FL380/TP B737/TB CONS LGT CHOP-OCNL MOD/RM ..ZSE,CONS LGT CHOP-OCNL MOD,,38000.0,42.244278647702295,-122.5903835121712,2018-02-02 19:10:00+00:00,2.0,0,M
F,CRJ7,GLD UA /OV GLD156041/TM 1452/FL310/TP CRJ7/TB CONT LGT OCSNL MOD/RM FL310-350 ZDV,CONT LGT OCSNL MOD,,31000.0,38.74291337248592,-101.33378990735832,2018-02-18 14:52:00+00:00,2.0,0,M
T,BE30,ATL UUA /OV ATL240005/TM 1847/FL080/TP BE30/TB SEV/RM DURC/ZTLFD,SEV,,8000.0,33.588429958329954,-84.5284826732607,2018-02-16 18:47:00+00:00,5.0,0,L

